实际功率,原系统预测功率,超短期预测功率
27.670000076293945,32.24,31.15291976928711
33.790000915527344,32.09,30.893259048461914
30.239999771118164,31.94,30.499433517456055
30.439998626708984,31.79,30.164756774902344
31.96999740600586,31.66,29.94354820251465
32.150001525878906,31.55,29.46805191040039
32.4900016784668,31.43,29.474414825439453
29.739999771118164,31.32,29.276676177978516
35.470001220703125,31.25,29.02315902709961
30.610000610351562,31.22,28.687875747680664
29.93000030517578,31.2,28.59600067138672
33.099998474121094,31.18,28.02674674987793
28.809999465942383,31.08,27.81570053100586
27.560001373291016,30.9,27.761396408081055
29.229999542236328,30.73,27.283855438232422
34.65999984741211,30.56,26.887737274169922
33.2400016784668,30.34,32.88981246948242
33.630001068115234,30.07,32.50944900512695
34.470001220703125,29.81,32.012638092041016
33.27000045776367,29.54,31.547439575195312
33.2400016784668,29.29,31.191883087158203
33.36000061035156,29.05,30.566967010498047
30.51999855041504,28.81,30.50400733947754
26.530000686645508,28.58,30.18337631225586
29.290000915527344,28.38,29.80401611328125
30.8799991607666,28.21,29.38802719116211
34.209999084472656,28.04,29.242063522338867
31.6299991607666,27.88,28.566740036010742
34.470001220703125,27.79,28.262500762939453
34.959999084472656,27.79,28.13063621520996
35.779998779296875,27.79,27.582752227783203
35.880001068115234,27.79,27.096698760986328
36.63999938964844,27.9,33.80197525024414
36.310001373291016,28.12,33.46048355102539
34.560001373291016,28.34,32.99287414550781
36.0099983215332,28.56,32.615089416503906
35.720001220703125,28.83,32.376953125
36.290000915527344,29.17,31.875791549682617
32.209999084472656,29.5,31.80488395690918
32.290000915527344,29.83,31.547876358032227
39.18000030517578,30.12,31.29195785522461
37.08000183105469,30.36,30.892030715942383
36.630001068115234,30.61,30.75518226623535
34.86000061035156,30.85,30.06492042541504
38.43000030517578,31.01,29.821346282958984
32.849998474121094,31.1,29.7554874420166
34.060001373291016,31.18,29.24129295349121
29.040000915527344,31.26,28.762659072875977
30.919998168945312,31.37,29.318387985229492
29.68000030517578,31.5,29.341270446777344
27.920000076293945,31.63,29.19377899169922
30.329999923706055,31.75,29.224456787109375
27.950002670288086,31.86,29.329641342163086
30.25,31.95,29.11927604675293
33.560001373291016,32.04,29.360639572143555
38.849998474121094,32.13,29.505165100097656
38.41999816894531,32.29,29.529159545898438
35.4900016784668,32.51,29.430078506469727
33.90999984741211,32.73,29.5429630279541
34.38999938964844,32.96,29.21782112121582
37.91999816894531,33.14,29.28316307067871
33.279998779296875,33.28,29.434030532836914
35.40999984741211,33.42,29.098121643066406
38.900001525878906,33.55,28.911161422729492
40.209999084472656,33.81,37.42325210571289
39.06999969482422,34.17,37.23774719238281
39.93000030517578,34.54,36.95285415649414
40.9900016784668,34.9,36.830482482910156
40.849998474121094,35.2,36.83641052246094
39.81999969482422,35.44,36.475738525390625
40.619998931884766,35.68,36.64045333862305
40.900001525878906,35.92,36.62517547607422
40.52000045776367,36.06,36.56510543823242
41.45000076293945,36.1,36.29722213745117
40.7400016784668,36.14,36.32664108276367
41.279998779296875,36.18,35.73438262939453
39.459999084472656,36.18,35.657432556152344
40.29999923706055,36.15,35.737308502197266
39.400001525878906,36.12,35.244224548339844
37.459999084472656,36.09,34.81193161010742
35.970001220703125,36.05,35.97730255126953
37.029998779296875,36.01,35.67982864379883
35.599998474121094,35.96,35.23633575439453
34.689998626708984,35.92,34.730098724365234
32.959999084472656,35.82,34.37759017944336
39.119998931884766,35.66,33.766029357910156
35.060001373291016,35.51,33.75139617919922
34.369998931884766,35.35,33.43252944946289
33.16999816894531,35.18,33.05154800415039
32.34000015258789,35.0,32.54312515258789
28.0,34.83,32.4849853515625
32.11000061035156,34.65,31.675878524780273
27.229999542236328,34.46,31.327377319335938
31.249998092651367,34.26,31.23349380493164
29.549999237060547,34.05,30.75116539001465
27.209999084472656,33.85,30.23320198059082
29.219999313354492,31.39,27.138351440429688
28.51000213623047,31.33,26.921138763427734
34.689998626708984,31.26,26.571788787841797
35.16999816894531,31.2,26.24115562438965
34.9900016784668,31.08,25.987180709838867
31.989999771118164,30.91,25.52701759338379
29.240001678466797,30.74,25.531633377075195
31.06999969482422,30.57,25.348302841186523
26.270002365112305,30.38,25.080059051513672
26.809999465942383,30.19,24.776168823242188
33.81999969482422,30.0,24.724836349487305
32.61000061035156,29.81,24.268903732299805
33.439998626708984,29.6,24.06993293762207
32.54999923706055,29.35,24.02320671081543
31.080001831054688,29.11,23.568445205688477
28.0,28.86,23.23919677734375
24.809999465942383,28.64,27.832275390625
31.940000534057617,28.44,27.75140953063965
31.06999969482422,28.24,27.518505096435547
31.540002822875977,28.05,27.40723419189453
30.67999839782715,27.88,27.40351104736328
30.020000457763672,27.74,27.16305923461914
34.68000030517578,27.61,27.2225399017334
29.739999771118164,27.47,27.20986557006836
30.51000213623047,27.55,27.174633026123047
30.229999542236328,27.84,26.9539852142334
29.62000274658203,28.14,26.95225715637207
29.940000534057617,28.43,26.550987243652344
28.770000457763672,28.67,26.49258041381836
30.540000915527344,28.85,26.594457626342773
26.229999542236328,29.03,26.195526123046875
26.850000381469727,29.22,25.903776168823242
33.29999923706055,29.4,27.276302337646484
30.969999313354492,29.59,27.168790817260742
31.770000457763672,29.78,26.906795501708984
32.209999084472656,29.97,26.738462448120117
27.93000030517578,30.11,26.655385971069336
31.299999237060547,30.18,26.328123092651367
37.369998931884766,30.25,26.40265464782715
32.31999969482422,30.33,26.3406925201416
33.63999938964844,30.45,26.207548141479492
38.9900016784668,30.61,25.975662231445312
34.58000183105469,30.77,25.958444595336914
34.849998474121094,30.94,25.56160545349121
35.79999923706055,30.92,25.45814323425293
32.54999923706055,30.72,25.50187110900879
38.20000076293945,30.52,25.087303161621094
37.470001220703125,30.32,24.789091110229492
29.530000686645508,30.07,34.196739196777344
36.61000061035156,29.75,33.673465728759766
32.25,29.44,33.04520034790039
27.309999465942383,29.13,32.3843879699707
29.760000228881836,28.91,31.85134506225586
30.09000015258789,28.78,31.10801124572754
25.62000274658203,28.66,30.910907745361328
32.599998474121094,28.53,30.415884017944336
33.7599983215332,28.5,29.906330108642578
25.80999755859375,28.57,29.337923049926758
18.739999771118164,28.64,29.13011360168457
21.010000228881836,28.71,28.311275482177734
22.110000610351562,28.87,27.853879928588867
19.200000762939453,29.1,27.639057159423828
23.080001831054688,29.34,27.029233932495117
28.119998931884766,29.58,26.453723907470703
29.5,29.84,28.651899337768555
21.6299991607666,30.13,28.60593032836914
26.739999771118164,30.41,28.457544326782227
24.049997329711914,30.69,28.49217987060547
25.75,30.99,28.5844783782959
27.010000228881836,31.29,28.384714126586914
23.690000534057617,31.59,28.566722869873047
27.420000076293945,31.89,28.669641494750977
30.149999618530273,32.07,28.723480224609375
28.81999969482422,32.13,28.61440658569336
25.899999618530273,32.19,28.711170196533203
24.299997329711914,32.26,28.397642135620117
31.049999237060547,32.32,28.4569091796875
31.770000457763672,32.38,28.615076065063477
27.979999542236328,32.45,28.21906852722168
25.440000534057617,32.51,27.95412826538086
22.219999313354492,32.57,25.782705307006836
26.139999389648438,32.64,25.65993881225586
24.139999389648438,32.7,25.375930786132812
24.35999870300293,32.76,25.152429580688477
25.68000030517578,32.79,25.014677047729492
24.35999870300293,32.79,24.659496307373047
24.729999542236328,32.78,24.68508529663086
19.329999923706055,32.78,24.579818725585938
22.989999771118164,32.68,24.41002655029297
23.34000015258789,32.49,24.143898010253906
21.700000762939453,32.29,24.118078231811523
22.84000015258789,32.1,23.726341247558594
18.709999084472656,31.87,23.584440231323242
22.239999771118164,31.62,23.6127872467041
19.270000457763672,31.37,23.19377326965332
16.040000915527344,31.11,22.897775650024414
14.149998664855957,31.36,17.459625244140625
16.190000534057617,31.23,17.614887237548828
19.489999771118164,31.09,17.63296127319336
24.229999542236328,30.95,17.777833938598633
26.530000686645508,30.65,17.968713760375977
23.96999740600586,30.19,18.00957489013672
22.459999084472656,29.72,18.203617095947266
20.079999923706055,29.25,18.405014038085938
18.700000762939453,28.86,18.54454231262207
23.940000534057617,28.54,18.584453582763672
18.149999618530273,28.23,18.716835021972656
21.799999237060547,27.91,18.687015533447266
19.510000228881836,27.82,18.856220245361328
18.190000534057617,27.96,19.058738708496094
19.149999618530273,28.09,18.834627151489258
21.549999237060547,28.23,18.804075241088867
23.569997787475586,28.31,22.199827194213867
22.389999389648438,28.33,22.266252517700195
28.51000213623047,28.35,22.232009887695312
30.439998626708984,28.37,22.404399871826172
27.030000686645508,28.37,22.647920608520508
25.610000610351562,28.34,22.686866760253906
27.350000381469727,28.32,22.86525535583496
31.850000381469727,28.3,23.050827026367188
30.999998092651367,28.43,23.242938995361328
31.290000915527344,28.73,23.263864517211914
29.6299991607666,29.02,23.37569236755371
33.08000183105469,29.32,23.212909698486328
28.709999084472656,29.66,23.388187408447266
35.810001373291016,30.06,23.59453773498535
35.209999084472656,30.46,23.332975387573242
30.479999542236328,30.85,23.21678924560547
32.970001220703125,31.21,29.396121978759766
37.650001525878906,31.51,29.323631286621094
37.43000030517578,31.82,29.087736129760742
37.970001220703125,32.13,28.979915618896484
39.790000915527344,32.42,28.997112274169922
37.63999938964844,32.7,28.728309631347656
39.13999938964844,32.97,28.81464958190918
36.7400016784668,33.25,28.807126998901367
36.650001525878906,33.4,28.780643463134766
34.849998474121094,33.42,28.532085418701172
34.439998626708984,33.45,28.542966842651367
36.470001220703125,33.47,28.127294540405273
35.20000076293945,33.43,28.043689727783203
35.720001220703125,33.34,28.15349578857422
38.18000030517578,33.25,27.730388641357422
36.619998931884766,33.15,27.407081604003906
33.11000061035156,33.06,34.436824798583984
28.5,32.96,34.12879180908203
37.38999938964844,32.87,33.717376708984375
29.43000030517578,32.77,33.34436798095703
32.279998779296875,32.66,33.09962463378906
27.34000015258789,32.53,32.58053207397461
32.13999938964844,32.41,32.60788345336914
28.850000381469727,32.28,32.37053298950195
27.089998245239258,32.21,32.10184097290039
26.860000610351562,32.18,31.70672607421875
30.239999771118164,32.16,31.637836456298828
32.709999084472656,32.14,30.999048233032227
34.380001068115234,32.17,30.73761749267578
32.43000030517578,32.25,30.676040649414062
31.400001525878906,32.32,30.149106979370117
32.36000061035156,32.4,29.68600845336914
39.13999938964844,32.52,31.584218978881836
35.970001220703125,32.66,31.4520320892334
31.549999237060547,32.8,31.2154483795166
31.84000015258789,32.95,31.130966186523438
28.860000610351562,33.06,31.198486328125
31.6299991607666,33.14,30.967920303344727
32.36000061035156,33.21,31.047985076904297
28.790000915527344,33.29,31.04153823852539
33.369998931884766,33.36,31.061962127685547
34.279998779296875,33.41,30.832609176635742
36.650001525878906,33.46,30.840726852416992
35.91999816894531,33.52,30.36357307434082
33.13999938964844,33.51,30.316761016845703
33.2599983215332,33.44,30.42255973815918
31.520000457763672,33.37,29.98793601989746
31.560001373291016,33.3,29.632062911987305
31.510000228881836,33.23,30.768159866333008
31.100000381469727,33.17,30.50636863708496
29.149999618530273,33.1,30.119922637939453
33.599998474121094,33.03,29.779739379882812
35.84000015258789,32.93,29.567380905151367
32.81999969482422,32.79,29.103553771972656
33.349998474121094,32.65,29.078556060791016
37.689998626708984,32.52,28.870115280151367
36.59000015258789,32.37,28.634801864624023
33.099998474121094,32.2,28.265066146850586
31.78999900817871,32.04,28.190446853637695
35.45000076293945,31.88,27.627788543701172
35.52000045776367,31.65,27.3964900970459
33.43000030517578,31.34,27.36233139038086
31.739999771118164,31.04,26.861125946044922
33.630001068115234,30.74,26.43844223022461
32.72999954223633,29.7,31.9400577545166
32.81999969482422,29.34,31.361164093017578
32.189998626708984,28.97,30.665042877197266
31.1200008392334,28.61,29.941808700561523
30.940000534057617,28.14,29.307130813598633
31.610000610351562,27.55,28.511375427246094
32.720001220703125,26.97,28.18743324279785
32.459999084472656,26.38,27.635225296020508
35.22999954223633,25.77,27.05817413330078
35.0099983215332,25.14,26.44270133972168
34.560001373291016,24.5,26.23833656311035
35.060001373291016,23.87,25.396942138671875
31.720001220703125,23.19,24.914798736572266
28.459997177124023,22.46,24.696029663085938
29.219999313354492,21.74,24.069303512573242
25.329998016357422,21.01,23.47527503967285
24.6200008392334,20.37,24.634864807128906
23.360000610351562,19.84,24.229976654052734
22.999998092651367,19.3,23.68733024597168
17.540000915527344,18.76,23.13239860534668
14.359999656677246,18.39,22.646997451782227
9.899999618530273,18.18,22.03462791442871
10.119999885559082,17.98,21.741741180419922
11.329999923706055,17.77,21.379283905029297
13.390000343322754,17.61,20.93183708190918
11.130000114440918,17.5,20.449508666992188
12.789999961853027,17.39,20.34534454345703
12.379999160766602,17.28,19.73670768737793
13.379999160766602,17.14,19.441951751708984
14.860000610351562,16.97,19.321556091308594
12.359999656677246,16.8,18.81427574157715
13.960000038146973,16.62,18.438793182373047
10.979999542236328,16.49,14.47925090789795
9.739999771118164,16.39,14.348891258239746
8.199999809265137,16.29,14.062338829040527
9.680000305175781,16.19,13.907148361206055
16.309999465942383,16.14,13.841848373413086
13.680000305175781,16.15,13.614527702331543
12.25999927520752,16.15,13.510892868041992
12.760000228881836,16.16,13.381418228149414
9.430000305175781,16.04,13.272173881530762
9.789999961853027,15.8,13.129377365112305
9.229999542236328,15.56,13.050501823425293
12.059999465942383,15.32,12.850337982177734
11.729999542236328,15.13,12.75323486328125
9.140000343322754,14.99,12.73911190032959
9.079999923706055,14.84,12.501141548156738
8.729999542236328,14.7,12.366104125976562
10.380000114440918,14.46,9.66989803314209
8.9399995803833,14.13,9.609705924987793
12.09999942779541,13.79,9.399612426757812
12.130000114440918,13.46,9.295814514160156
13.810001373291016,13.16,9.25993537902832
13.74000072479248,12.9,9.127154350280762
14.75,12.64,9.059530258178711
15.0,12.38,8.977725982666016
17.260000228881836,12.16,8.890380859375
12.399999618530273,11.97,8.846553802490234
13.760000228881836,11.79,8.799370765686035
12.850001335144043,11.6,8.73769474029541
12.620000839233398,11.4,8.67456340789795
10.630000114440918,11.17,8.659043312072754
11.25,10.94,8.517667770385742
10.90999984741211,10.71,8.488314628601074
10.079999923706055,10.52,10.7963285446167
9.960000038146973,10.38,10.575590133666992
9.210000038146973,10.23,10.238080024719238
8.84000015258789,10.09,9.951456069946289
9.09000015258789,9.96,9.763611793518066
8.460000038146973,9.84,9.483301162719727
7.830000400543213,9.73,9.269478797912598
7.069999694824219,9.61,9.037592887878418
6.250000476837158,9.32,8.843526840209961
6.840000152587891,8.85,8.673968315124512
5.059999942779541,8.38,8.57358169555664
4.380000114440918,7.91,8.389348030090332
4.880000114440918,7.54,8.226618766784668
4.159999847412109,7.25,8.128929138183594
4.539999961853027,6.97,7.892909049987793
3.359999895095825,6.69,7.777927875518799
3.680000066757202,6.52,4.018561840057373
3.5299999713897705,6.47,3.9145443439483643
3.9700000286102295,6.42,3.745149612426758
7.179999828338623,6.37,3.589921236038208
10.539999961853027,6.29,3.5044262409210205
10.869999885559082,6.19,3.393465518951416
7.739999771118164,6.08,3.2806997299194336
5.369999885559082,5.97,3.1512858867645264
7.470000267028809,5.92,3.0415573120117188
7.440000057220459,5.94,3.0647988319396973
6.699999809265137,5.95,3.0318429470062256
7.139999866485596,5.97,3.080561637878418
5.650000095367432,6.01,3.0402348041534424
7.260000228881836,6.08,2.973644733428955
6.310000419616699,6.16,2.9134416580200195
4.019999980926514,6.23,2.9646947383880615
3.7200000286102295,4.45,5.545170783996582
4.760000228881836,4.4,5.433708667755127
4.860000133514404,4.36,5.174263954162598
4.349999904632568,4.31,4.958580493927002
4.380000114440918,4.28,4.798440933227539
4.460000038146973,4.26,4.593903541564941
4.150000095367432,4.24,4.446679592132568
4.46999979019165,4.22,4.2690958976745605
4.420000076293945,4.24,4.064772129058838
3.859999895095825,4.31,3.99481463432312
3.140000104904175,4.37,3.934307098388672
3.700000047683716,4.43,3.900763750076294
2.859999895095825,4.57,3.762206554412842
2.8499999046325684,4.8,3.686028003692627
2.9100000858306885,5.03,3.583132028579712
2.7899999618530273,5.25,3.5940330028533936
2.4600000381469727,5.49,4.333197116851807
2.4200000762939453,5.73,4.3099141120910645
2.9000000953674316,5.97,4.146677494049072
2.9100000858306885,6.21,4.025747299194336
4.46999979019165,6.36,3.983497381210327
4.130000114440918,6.4,3.8872509002685547
4.099999904632568,6.45,3.814293622970581
5.749999523162842,6.5,3.751546859741211
9.0600004196167,6.5,3.6482222080230713
10.5,6.46,3.6772942543029785
11.199999809265137,6.42,3.6649057865142822
8.270000457763672,6.39,3.747015953063965
6.159999847412109,6.33,3.7135210037231445
5.090000152587891,6.24,3.6839020252227783
6.480000019073486,6.16,3.640531063079834
5.890000343322754,6.08,3.7246909141540527
6.239999771118164,6.0,6.823258876800537
6.659999847412109,5.92,6.7762451171875
5.460000038146973,5.84,6.606272220611572
3.440000057220459,5.76,6.497500419616699
2.9800000190734863,5.79,6.470251560211182
2.569999933242798,5.92,6.353794574737549
2.2100000381469727,6.05,6.2864460945129395
0.9499998688697815,6.18,6.213272571563721
1.3899999856948853,6.34,6.142889022827148
0.8199999332427979,6.53,6.130633354187012
0.8700000047683716,6.72,6.114457130432129
1.3200000524520874,6.91,6.141714096069336
2.25,7.19,6.1009674072265625
1.340000033378601,7.55,6.0867509841918945
0.47999998927116394,7.91,5.972850322723389
0.04999999701976776,8.27,6.004383563995361
0.3799999952316284,8.77,0.37658727169036865
1.1299999952316284,9.4,0.7907106876373291
1.8700000047683716,10.04,1.1013038158416748
2.319999933242798,10.67,1.5920472145080566
1.6799999475479126,11.19,2.120387315750122
1.309999942779541,11.6,2.569725513458252
2.309999942779541,12.0,2.901867628097534
4.360000133514404,12.41,3.401322364807129
8.350000381469727,12.71,3.8511338233947754
7.189999580383301,12.91,4.309212684631348
6.149999618530273,13.1,4.593032360076904
6.589999675750732,13.3,5.150435447692871
10.25,13.47,5.582674026489258
15.3100004196167,13.61,5.901514053344727
18.700000762939453,13.75,6.080990791320801
17.440000534057617,13.89,6.470613956451416
18.030000686645508,14.12,17.656091690063477
20.06999969482422,14.44,17.904186248779297
21.3700008392334,14.77,18.059946060180664
15.860000610351562,15.09,18.561992645263672
17.40999984741211,15.49,19.18630599975586
16.940000534057617,15.98,19.53053092956543
22.720001220703125,16.47,19.83673095703125
22.660001754760742,16.96,20.256851196289062
22.720001220703125,17.42,20.82840347290039
23.80000114440918,17.85,21.05977439880371
26.56999969482422,18.29,21.301116943359375
26.239999771118164,18.72,21.42437744140625
28.950000762939453,19.01,21.781217575073242
26.579999923706055,19.15,22.169963836669922
29.18000030517578,19.29,22.083635330200195
25.59000015258789,19.43,22.15129852294922
25.96000099182129,19.47,24.5473690032959
23.950002670288086,19.42,24.38698387145996
25.84000015258789,19.36,24.10331916809082
27.010000228881836,19.31,23.937856674194336
28.979999542236328,19.24,23.90399932861328
29.520000457763672,19.15,23.677352905273438
22.549999237060547,19.06,23.624393463134766
23.240001678466797,18.97,23.504898071289062
22.6200008392334,18.82,23.46938133239746
21.90999984741211,18.6,23.19993782043457
19.8799991607666,18.39,23.188032150268555
21.559999465942383,18.18,22.778493881225586
20.079999923706055,18.07,22.645795822143555
15.940000534057617,18.08,22.71807098388672
17.729999542236328,18.08,22.326133728027344
16.959999084472656,18.09,22.031497955322266
20.790000915527344,20.58,18.35875701904297
20.059999465942383,20.58,18.45936393737793
26.540000915527344,20.57,18.441884994506836
23.80999755859375,20.57,18.591228485107422
25.030000686645508,20.55,18.80340003967285
23.229999542236328,20.53,18.838579177856445
21.25,20.5,19.007951736450195
25.18000030517578,20.48,19.172639846801758
17.8700008392334,20.44,19.338651657104492
21.920000076293945,20.37,19.345352172851562
22.290000915527344,20.31,19.480369567871094
22.850000381469727,20.25,19.405197143554688
22.459999084472656,20.14,19.532852172851562
31.899999618530273,19.98,19.730819702148438
25.1299991607666,19.82,19.48663330078125
26.540000915527344,19.66,19.416048049926758
20.75,19.52,26.229860305786133
20.25,19.39,26.15345001220703
19.219999313354492,19.26,25.96883201599121
15.369999885559082,19.14,25.999080657958984
12.270000457763672,19.15,26.1551513671875
11.239999771118164,19.29,26.07282066345215
9.640000343322754,19.43,26.12859344482422
11.260001182556152,19.57,26.15696144104004
10.720000267028809,19.75,26.279401779174805
11.620000839233398,19.98,26.132455825805664
8.119999885559082,20.21,26.178720474243164
9.1899995803833,20.44,25.808700561523438
9.449999809265137,20.87,25.825946807861328
12.229998588562012,21.5,25.9830265045166
17.270000457763672,22.13,25.63814353942871
17.5,22.76,25.390174865722656
26.19000244140625,23.33,18.91289710998535
26.93000030517578,23.84,19.254758834838867
28.700000762939453,24.34,19.503061294555664
25.700002670288086,24.85,20.136308670043945
31.030000686645508,25.4,20.84881591796875
31.059999465942383,26.0,21.290813446044922
29.880001068115234,26.6,21.706676483154297
32.68000030517578,27.19,22.230905532836914
29.530000686645508,27.68,22.860761642456055
30.910001754760742,28.07,23.164302825927734
30.479999542236328,28.45,23.449960708618164
29.569997787475586,28.83,23.58858871459961
27.43000030517578,29.1,24.038625717163086
29.950002670288086,29.25,24.471717834472656
31.96000099182129,29.4,24.38277244567871
34.900001525878906,29.55,24.471323013305664
36.630001068115234,29.62,33.683570861816406
35.220001220703125,29.61,33.45859146118164
32.25,29.59,33.18510437011719
28.889999389648438,29.58,33.02588653564453
27.96999740600586,29.61,33.010990142822266
29.979999542236328,29.69,32.71699142456055
28.279998779296875,29.76,32.82258224487305
25.520000457763672,29.83,32.73862075805664
24.03999900817871,29.93,32.69314193725586
23.400001525878906,30.07,32.43951416015625
22.6299991607666,30.2,32.441551208496094
18.780000686645508,30.33,31.910863876342773
16.049999237060547,30.53,31.80716896057129
16.209999084472656,30.79,31.85045623779297
16.329999923706055,31.05,31.379629135131836
20.079999923706055,31.31,30.9808292388916
24.260000228881836,31.53,22.860092163085938
23.18000030517578,31.69,23.16057586669922
26.790000915527344,31.85,23.39908218383789
27.1200008392334,32.02,23.9066219329834
27.510000228881836,32.14,24.49627685546875
28.8799991607666,32.21,24.77415657043457
29.68000030517578,32.29,25.23458480834961
31.249998092651367,32.37,25.744905471801758
31.440000534057617,32.4,26.247135162353516
33.7400016784668,32.38,26.48138427734375
35.16999816894531,32.36,26.762569427490234
34.84000015258789,32.34,26.850500106811523
34.880001068115234,32.27,27.255985260009766
36.959999084472656,32.16,27.63259506225586
37.4900016784668,32.04,27.431970596313477
34.849998474121094,31.93,27.442771911621094
34.349998474121094,31.85,33.33866500854492
30.690000534057617,31.81,33.13140106201172
29.75,31.76,32.82415008544922
25.549999237060547,31.72,32.60006332397461
26.0,31.67,32.53068542480469
27.950002670288086,31.62,32.17930603027344
27.81999969482422,31.58,32.23365783691406
30.18000030517578,31.53,32.124420166015625
25.690000534057617,31.5,32.035457611083984
25.709999084472656,31.48,31.701705932617188
33.36000061035156,31.47,31.686195373535156
34.45000076293945,31.46,31.141660690307617
32.849998474121094,31.38,30.966325759887695
28.549999237060547,31.24,31.015336990356445
36.84000015258789,31.1,30.518041610717773
34.619998931884766,30.96,30.09499740600586
34.7599983215332,28.85,32.247013092041016
36.75,28.62,31.81773567199707
33.810001373291016,28.4,31.31905174255371
33.2599983215332,28.18,30.835678100585938
34.31999969482422,27.9,30.487586975097656
34.279998779296875,27.56,29.976564407348633
34.25,27.22,29.80025863647461
34.43000030517578,26.89,29.424837112426758
32.38999938964844,26.61,29.126081466674805
27.200000762939453,26.39,28.64349365234375
33.5,26.17,28.502277374267578
31.200000762939453,25.95,27.788747787475586
22.709999084472656,25.67,27.43954086303711
20.799999237060547,25.33,27.346797943115234
17.260000228881836,25.0,26.783620834350586
14.989999771118164,24.66,26.259037017822266
19.510000228881836,24.35,17.145780563354492
19.229999542236328,24.08,17.307188034057617
17.450000762939453,23.8,17.334213256835938
14.880000114440918,23.52,17.42020606994629
20.31999969482422,23.22,17.569135665893555
19.049999237060547,22.89,17.52392578125
17.059999465942383,22.57,17.77853775024414
18.200000762939453,22.24,17.980905532836914
20.530000686645508,22.04,18.065593719482422
21.950000762939453,21.97,18.09881019592285
19.850000381469727,21.9,18.23991584777832
19.510000228881836,21.84,18.273149490356445
17.65999984741211,21.76,18.40138816833496
16.65999984741211,21.69,18.55546760559082
16.90999984741211,21.62,18.312959671020508
14.680000305175781,21.55,18.304222106933594
13.430000305175781,21.47,14.805663108825684
12.010000228881836,21.39,14.590604782104492
10.960000038146973,21.3,14.243097305297852
15.850001335144043,21.22,13.884332656860352
15.419999122619629,21.03,13.61770248413086
19.06999969482422,20.73,13.27021598815918
14.25999927520752,20.43,13.08289623260498
19.770000457763672,20.14,12.82679271697998
15.770001411437988,19.81,12.541666984558105
13.729999542236328,19.44,12.29242992401123
9.140000343322754,19.07,12.178727149963379
4.900000095367432,18.71,11.902289390563965
11.510000228881836,18.32,11.709871292114258
11.3100004196167,17.92,11.59398078918457
10.699999809265137,17.51,11.25705623626709
8.869999885559082,17.1,11.057498931884766
7.169999599456787,16.76,9.760204315185547
4.539999961853027,16.47,9.739886283874512
5.71999979019165,16.19,9.588890075683594
3.9600000381469727,15.91,9.523625373840332
3.609999895095825,15.61,9.516671180725098
4.369999885559082,15.3,9.42883014678955
8.199999809265137,14.99,9.394094467163086
7.380000114440918,14.68,9.373944282531738
7.950000286102295,14.46,9.33279037475586
5.159999847412109,14.33,9.31368637084961
4.619999885559082,14.2,9.305184364318848
4.539999961853027,14.07,9.276347160339355
5.349999904632568,13.99,9.302968978881836
5.070000171661377,13.97,9.304892539978027
4.730000019073486,13.94,9.135282516479492
4.570000171661377,13.92,9.139437675476074
3.8499999046325684,13.95,5.658684730529785
3.4600000381469727,14.04,5.86724328994751
2.819999933242798,14.12,5.98041296005249
3.5999999046325684,14.2,6.2701640129089355
2.7100000381469727,14.3,6.628159999847412
2.5399999618530273,14.39,6.863175868988037
4.130000114440918,14.49,7.03535270690918
4.260000228881836,14.59,7.32236909866333
3.059999942779541,14.69,7.635279655456543
3.3299999237060547,14.79,7.88562536239624
4.769999980926514,14.89,8.02431869506836
5.510000228881836,14.99,8.320329666137695
8.989999771118164,15.1,8.589250564575195
13.039999961853027,15.23,8.786881446838379
1.9299999475479126,15.36,8.794991493225098
2.75,15.5,8.991783142089844
3.369999885559082,15.66,3.890188455581665
4.269999980926514,15.84,4.208370208740234
5.5199995040893555,16.03,4.429222106933594
8.899999618530273,16.22,4.846939563751221
16.43000030517578,16.49,5.332302570343018
8.850000381469727,16.82,5.685818672180176
11.0600004196167,17.16,5.941628932952881
9.180000305175781,17.49,6.334717273712158
6.689999580383301,17.69,6.759541034698486
5.499999523162842,17.76,7.10666561126709
8.680000305175781,17.83,7.3085408210754395
10.739999771118164,17.89,7.714996814727783
10.819999694824219,17.85,8.062047958374023
10.640000343322754,17.7,8.337936401367188
11.119999885559082,17.55,8.416800498962402
12.479999542236328,17.41,8.699758529663086
12.74000072479248,15.85,12.300363540649414
16.809999465942383,15.6,12.028339385986328
17.969999313354492,15.35,11.621633529663086
13.710000038146973,15.1,11.283576011657715
11.90999984741211,14.77,11.046673774719238
10.010000228881836,14.37,10.698695182800293
10.739999771118164,13.96,10.45300006866455
10.369999885559082,13.56,10.12698745727539
8.649999618530273,13.15,9.860604286193848
9.260000228881836,12.74,9.634965896606445
9.140000343322754,12.33,9.480541229248047
7.239999771118164,11.92,9.213924407958984
5.0,11.55,8.963682174682617
3.859999895095825,11.22,8.822428703308105
5.139999866485596,10.89,8.573407173156738
5.300000190734863,10.56,8.397918701171875
6.830000400543213,10.32,6.508975028991699
6.490000247955322,10.19,6.641762733459473
6.770000457763672,10.06,6.6521196365356445
4.78000020980835,9.93,6.812478542327881
4.039999961853027,9.94,7.028571128845215
4.75,10.11,7.133490562438965
5.349999904632568,10.27,7.2282395362854
5.309999942779541,10.43,7.397655963897705
4.269999980926514,10.69,7.56668758392334
3.259999990463257,11.04,7.719673156738281
5.309999942779541,11.39,7.809628963470459
5.690000057220459,11.74,8.002849578857422
6.71999979019165,12.34,8.182945251464844
9.609999656677246,13.19,8.3109769821167
9.3100004196167,14.03,8.268946647644043
11.710000038146973,14.88,8.40544319152832
12.09999942779541,15.71,13.255967140197754
14.569999694824219,16.52,13.47931957244873
16.020000457763672,17.34,13.59246826171875
13.89000129699707,18.15,14.010018348693848
13.449999809265137,18.98,14.498215675354004
20.030000686645508,19.84,14.777244567871094
19.139999389648438,20.69,15.036391258239746
24.079999923706055,21.54,15.38508415222168
30.03999900817871,22.29,15.804774284362793
30.950000762939453,22.93,16.040220260620117
29.729997634887695,23.58,16.22301483154297
33.779998779296875,24.22,16.39336585998535
30.37999725341797,24.75,16.695276260375977
34.22999954223633,25.17,16.99395179748535
36.81999969482422,25.58,16.940845489501953
37.9900016784668,26.0,17.03809928894043
37.95000076293945,26.3,35.89203643798828
36.56999969482422,26.48,35.524200439453125
38.04999923706055,26.66,35.09712219238281
36.47999954223633,26.84,34.773231506347656
31.229999542236328,27.06,34.60065460205078
32.2400016784668,27.3,34.18061828613281
33.2400016784668,27.54,34.10087203979492
32.060001373291016,27.79,33.86525344848633
31.560001373291016,28.05,33.714168548583984
30.850000381469727,28.32,33.296875
32.5099983215332,28.59,33.22998046875
32.31999969482422,28.87,32.51638412475586
32.619998931884766,29.18,32.2898063659668
29.089998245239258,29.54,32.29756546020508
30.809999465942383,29.9,31.742372512817383
30.919998168945312,30.26,31.21125030517578
31.209999084472656,30.61,30.96297264099121
32.869998931884766,30.95,30.8586483001709
35.349998474121094,31.3,30.686037063598633
34.20000076293945,31.64,30.6164493560791
33.959999084472656,31.95,30.692354202270508
35.75,32.24,30.488269805908203
36.06999969482422,32.52,30.638086318969727
35.16999816894531,32.81,30.661312103271484
34.95000076293945,33.01,30.70610809326172
35.66999816894531,33.14,30.49271011352539
33.29999923706055,33.26,30.561128616333008
35.939998626708984,33.39,30.16444206237793
35.849998474121094,33.48,30.120149612426758
37.560001373291016,33.55,30.23831558227539
37.97999954223633,33.61,29.795486450195312
37.70000076293945,33.68,29.47633171081543
38.970001220703125,33.74,35.54520797729492
40.02000045776367,33.8,35.29493713378906
41.79999923706055,33.86,34.96390151977539
39.689998626708984,33.92,34.71640396118164
36.380001068115234,33.98,34.63383483886719
36.119998931884766,34.04,34.24695587158203
35.150001525878906,34.09,34.29373550415039
37.02000045776367,34.15,34.16546630859375
35.86000061035156,34.2,34.06923294067383
36.619998931884766,34.26,33.7010498046875
39.43000030517578,34.31,33.68539810180664
41.380001068115234,34.36,33.08551025390625
42.060001373291016,34.39,32.896034240722656
34.900001525878906,34.39,32.93968200683594
29.979999542236328,34.39,32.401893615722656
21.979999542236328,34.39,31.927204132080078
25.030000686645508,34.98,24.099475860595703
25.62000274658203,34.91,24.440881729125977
28.03999900817871,34.84,24.59446907043457
31.030000686645508,34.77,24.91035270690918
31.670000076293945,34.69,25.31776237487793
33.86000061035156,34.61,25.395370483398438
37.54999923706055,34.52,25.856229782104492
40.099998474121094,34.44,26.26716423034668
38.83000183105469,34.4,26.54580307006836
43.369998931884766,34.4,26.61659812927246
42.09000015258789,34.4,26.8604793548584
40.22999954223633,34.4,26.873271942138672
40.540000915527344,34.43,27.08867645263672
43.099998474121094,34.49,27.39719009399414
43.65999984741211,34.55,27.15303611755371
42.529998779296875,34.6,27.147703170776367
41.400001525878906,34.65,40.26860427856445
40.619998931884766,34.67,40.024349212646484
40.25,34.7,39.66392135620117
40.400001525878906,34.73,39.248802185058594
41.0,34.73,39.026554107666016
40.15999984741211,34.69,38.48375701904297
39.36000061035156,34.66,38.539344787597656
39.65999984741211,34.62,38.322792053222656
40.349998474121094,34.59,38.0501823425293
42.400001525878906,34.56,37.50733184814453
42.220001220703125,34.53,37.52725601196289
43.41999816894531,34.51,36.6546516418457
38.9900016784668,34.47,36.36088943481445
42.86000061035156,34.41,36.35337448120117
41.27000045776367,34.36,35.86222457885742
42.400001525878906,34.31,35.3215446472168
42.150001525878906,34.27,39.93406677246094
43.22999954223633,34.25,39.5865478515625
42.75,34.23,39.144012451171875
42.959999084472656,34.21,38.59186935424805
41.70000076293945,34.19,38.2214469909668
38.77000045776367,34.15,37.57929611206055
37.33000183105469,34.11,37.55641174316406
37.0,34.07,37.21509552001953
37.529998779296875,33.98,36.827781677246094
30.559999465942383,33.82,36.21659469604492
30.329999923706055,33.66,36.18770217895508
35.2599983215332,33.51,35.250267028808594
31.690000534057617,33.35,34.87407684326172
30.770000457763672,33.2,34.7850227355957
32.540000915527344,33.04,34.25328063964844
33.209999084472656,32.89,33.677215576171875
34.369998931884766,32.65,32.340999603271484
37.0099983215332,32.33,32.22798538208008
33.97999954223633,32.01,32.021480560302734
29.459999084472656,31.69,31.832763671875
33.650001525878906,31.41,31.77997398376465
38.66999816894531,31.15,31.443193435668945
40.13999938964844,30.9,31.63313102722168
40.810001373291016,30.65,31.571258544921875
39.939998626708984,30.51,31.457401275634766
37.52000045776367,30.47,31.20311737060547
36.5099983215332,30.44,31.279905319213867
40.70000076293945,30.41,30.773427963256836
41.439998626708984,30.49,30.66777992248535
37.779998779296875,30.69,30.705673217773438
40.369998931884766,30.89,30.311389923095703
42.349998474121094,31.09,29.97481346130371
41.56999969482422,31.29,39.62413024902344
39.560001373291016,31.49,39.3212890625
39.790000915527344,31.68,38.953346252441406
35.81999969482422,31.88,38.60716247558594
37.470001220703125,32.04,38.44435501098633
37.130001068115234,32.17,37.93960952758789
38.119998931884766,32.29,38.00016784667969
35.31999969482422,32.41,37.819053649902344
37.849998474121094,32.45,37.61897659301758
39.029998779296875,32.41,37.15365982055664
39.27000045776367,32.36,37.137325286865234
41.400001525878906,32.32,36.386165618896484
40.06999969482422,32.24,36.14430618286133
38.720001220703125,32.14,36.13494873046875
39.54999923706055,32.03,35.56673812866211
38.40999984741211,31.93,35.03721237182617
38.02000045776367,31.79,36.25836181640625
35.77000045776367,31.63,35.90945816040039
37.31999969482422,31.46,35.48372268676758
40.63999938964844,31.3,35.0628662109375
39.84000015258789,31.16,34.799278259277344
37.31999969482422,31.06,34.26519012451172
34.7599983215332,30.95,34.25732421875
32.65999984741211,30.84,33.99090576171875
31.90999984741211,30.67,33.72270584106445
32.58000183105469,30.44,33.25407409667969
29.110000610351562,30.2,33.178741455078125
23.409997940063477,29.97,32.494346618652344
23.3799991607666,29.66,32.1721076965332
15.299999237060547,29.28,32.112464904785156
17.040000915527344,28.9,31.52381134033203
16.450000762939453,28.52,30.99684715270996
18.389999389648438,26.68,17.386741638183594
19.780000686645508,26.02,17.261783599853516
16.56999969482422,25.37,17.030086517333984
14.90000057220459,24.71,16.737947463989258
11.529999732971191,23.97,16.51246452331543
10.600000381469727,23.14,16.157018661499023
8.210000038146973,22.31,16.17860221862793
10.109999656677246,21.47,16.03034019470215
8.850000381469727,20.56,15.780370712280273
9.359999656677246,19.58,15.592658996582031
6.430000305175781,18.59,15.573871612548828
6.850000381469727,17.6,15.39339542388916
6.980000019073486,16.74,15.235766410827637
7.12999963760376,16.03,15.157942771911621
8.869999885559082,15.31,14.797059059143066
9.40999984741211,14.6,14.625804901123047
7.549999713897705,13.98,9.389945983886719
7.800000190734863,13.46,9.338679313659668
7.009999752044678,12.95,9.173707962036133
6.270000457763672,12.43,9.101685523986816
5.930000305175781,11.95,9.109774589538574
3.0799999237060547,11.49,9.027063369750977
2.940000057220459,11.04,8.964685440063477
2.7300000190734863,10.58,8.923439025878906
1.850000023841858,10.28,8.908732414245605
2.009999990463257,10.15,8.891815185546875
2.759999990463257,10.01,8.871639251708984
3.430000066757202,9.88,8.855709075927734
4.840000152587891,9.78,8.866347312927246
3.6600000858306885,9.72,8.860103607177734
3.5,9.65,8.701709747314453
4.039999961853027,9.59,8.697891235351562
7.729999542236328,9.61,5.1260151863098145
5.449999809265137,9.7,5.195616245269775
3.680000066757202,9.78,5.160686016082764
5.6399993896484375,9.87,5.227004528045654
3.7200000286102295,10.06,5.364804267883301
5.710000038146973,10.36,5.402680397033691
5.039999961853027,10.66,5.432559013366699
5.070000171661377,10.95,5.515692234039307
3.3499999046325684,11.15,5.612145900726318
3.4600000381469727,11.26,5.728557586669922
3.009999990463257,11.37,5.773548603057861
4.170000076293945,11.48,5.949044227600098
4.829999923706055,11.57,6.050134181976318
5.850000381469727,11.62,6.111660480499268
6.310000419616699,11.68,6.076900959014893
6.569999694824219,11.73,6.191829204559326
7.430000305175781,11.69,7.673217296600342
9.569999694824219,11.56,7.729301929473877
13.010000228881836,11.42,7.672440528869629
11.390000343322754,11.28,7.756963729858398
7.920000076293945,11.12,7.898470878601074
7.0,10.95,7.965874195098877
8.050000190734863,10.77,8.01538372039795
11.230000495910645,10.6,8.097197532653809
9.119999885559082,10.63,8.209634780883789
11.350000381469727,10.86,8.308632850646973
10.029999732971191,11.09,8.366965293884277
9.989999771118164,11.32,8.483531951904297
11.079999923706055,11.53,8.56118106842041
14.820000648498535,11.72,8.64404010772705
15.520000457763672,11.92,8.578604698181152
16.010000228881836,12.12,8.65150260925293
15.649999618530273,12.32,15.751993179321289
14.069999694824219,12.54,15.585591316223145
15.0,12.75,15.311535835266113
15.050000190734863,12.97,15.178521156311035
15.170000076293945,13.13,15.173117637634277
14.940000534057617,13.23,15.0246000289917
12.149998664855957,13.33,14.917204856872559
13.210000038146973,13.44,14.791558265686035
13.620000839233398,13.49,14.776313781738281
13.74000072479248,13.51,14.646568298339844
17.209999084472656,13.52,14.60025691986084
18.049999237060547,13.54,14.393584251403809
18.610000610351562,13.56,14.30469036102295
19.360000610351562,13.6,14.31138801574707
17.920000076293945,13.64,14.064743041992188
16.489999771118164,13.68,13.92394733428955
13.029999732971191,13.77,16.521554946899414
9.649999618530273,13.9,16.37982177734375
13.989999771118164,14.03,16.128087997436523
19.68000030517578,14.16,15.997163772583008
20.389999389648438,14.39,15.988238334655762
21.5,14.72,15.844785690307617
19.8700008392334,15.04,15.75678539276123
17.739999771118164,15.36,15.6400728225708
23.34000015258789,15.65,15.63607120513916
22.299999237060547,15.89,15.481226921081543
24.889999389648438,16.14,15.457232475280762
21.479999542236328,16.38,15.240975379943848
20.850000381469727,16.47,15.149391174316406
17.579999923706055,16.39,15.183451652526855
15.580000877380371,16.31,14.908414840698242
14.270000457763672,16.23,14.764433860778809
14.869999885559082,19.13,15.1527681350708
14.59000015258789,18.6,15.035337448120117
16.290000915527344,18.07,14.778079986572266
22.959999084472656,17.54,14.54714298248291
23.979999542236328,17.01,14.39930534362793
26.6200008392334,16.47,14.14706802368164
27.089998245239258,15.94,14.056562423706055
22.309999465942383,15.41,13.91024112701416
15.620000839233398,14.95,13.740633964538574
15.710000038146973,14.58,13.529189109802246
14.139999389648438,14.2,13.50910758972168
16.209999084472656,13.83,13.293220520019531
19.979999542236328,13.39,13.160720825195312
17.670000076293945,12.88,13.145265579223633
17.780000686645508,12.37,12.823108673095703
16.889999389648438,11.86,12.679227828979492
17.0,11.47,16.17411994934082
14.299999237060547,11.2,15.84911060333252
13.479999542236328,10.93,15.36219596862793
11.210000038146973,10.66,14.916693687438965
9.930000305175781,10.41,14.581037521362305
10.270000457763672,10.18,14.136865615844727
7.980000019073486,9.94,13.852079391479492
6.649999618530273,9.71,13.46302604675293
6.21999979019165,9.56,13.117305755615234
6.930000305175781,9.48,12.7620210647583
7.71999979019165,9.4,12.598456382751465
13.119999885559082,9.32,12.192178726196289
15.770001411437988,9.23,11.871869087219238
15.15999984741211,9.11,11.713998794555664
13.700000762939453,8.99,11.349374771118164
11.170000076293945,8.87,11.08681583404541
11.960000038146973,8.88,11.113639831542969
13.369999885559082,9.01,10.930590629577637
15.4399995803833,9.13,10.60653018951416
15.390000343322754,9.26,10.361331939697266
15.219999313354492,9.33,10.226187705993652
15.670000076293945,9.34,9.988011360168457
12.470000267028809,9.36,9.802287101745605
9.25,9.37,9.572678565979004
8.789999961853027,9.45,9.401660919189453
8.979999542236328,9.58,9.233539581298828
8.229999542236328,9.71,9.13613224029541
6.7099995613098145,9.84,8.955967903137207
5.760000228881836,9.94,8.784963607788086
5.670000076293945,10.02,8.707265853881836
4.190000057220459,10.09,8.504401206970215
1.7400000095367432,10.17,8.401901245117188
1.159999966621399,10.17,3.7798895835876465
0.9099999666213989,10.1,3.725733518600464
0.5000000596046448,10.04,3.5176262855529785
0.0,9.97,3.329355239868164
0.010000007227063179,9.8,3.2193117141723633
-0.030000001192092896,9.53,3.0563504695892334
-0.15000000596046448,9.26,2.9259471893310547
-0.10999999940395355,8.99,2.7913429737091064
-0.10999999940395355,8.66,2.6436798572540283
-0.11999999731779099,8.28,2.6098005771636963
-0.07000000029802322,7.89,2.5540943145751953
-0.07000000029802322,7.51,2.607020378112793
-0.07999999821186066,7.16,2.5126798152923584
0.04999999701976776,6.84,2.4208521842956543
0.9900000095367432,6.52,2.324368476867676
1.2300000190734863,6.2,2.3788318634033203
1.600000023841858,5.88,1.8055869340896606
1.309999942779541,5.56,1.7009022235870361
2.140000104904175,5.23,1.5639272928237915
2.930000066757202,4.91,1.3863139152526855
2.4100000858306885,4.6,1.2939931154251099
1.899999976158142,4.32,1.2037084102630615
1.8700000047683716,4.03,1.0892581939697266
1.909999966621399,3.75,0.9482436776161194
0.8799999952316284,3.46,0.8462929129600525
0.75,3.18,0.9042076468467712
0.4300000071525574,2.89,0.872981071472168
-0.09000000357627869,2.61,0.9804957509040833
0.2199999988079071,2.4,0.9544419646263123
0.75,2.26,0.8391855955123901
0.5899999141693115,2.13,0.8269191384315491
0.8600000143051147,1.99,0.8988481760025024
1.1299999952316284,1.87,1.4870450496673584
1.0199999809265137,1.76,1.3906288146972656
1.690000057220459,1.66,1.3065730333328247
1.590000033378601,1.55,1.141863226890564
0.8199999332427979,1.48,1.0623252391815186
1.3600000143051147,1.45,0.9844439625740051
0.6300000548362732,1.43,0.9236195087432861
0.6899999380111694,1.4,0.7814623117446899
0.6300000548362732,1.38,0.7095898985862732
0.6500000357627869,1.36,0.7971788048744202
0.3199999928474426,1.35,0.8147324323654175
-0.07999999821186066,1.33,0.9193851351737976
-0.11999999731779099,1.31,0.9623690247535706
-0.10999999940395355,1.27,0.8711937069892883
-0.07999999821186066,1.24,0.8655616641044617
-0.11999999731779099,1.2,0.9717632532119751
-0.10999999940395355,2.0,-0.04544827714562416
-0.10999999940395355,2.06,-0.10032793134450912
-0.11999999731779099,2.11,-0.09575008600950241
-0.10999999940395355,2.16,-0.3275555670261383
-0.11999999731779099,2.21,-0.37030917406082153
-0.10000000149011612,2.25,-0.45185384154319763
-0.10000000149011612,2.29,-0.464886873960495
-0.10999999940395355,2.33,-0.5683197975158691
-0.10999999940395355,2.37,-0.6741172671318054
-0.10999999940395355,2.41,-0.5377017855644226
-0.10999999940395355,2.46,-0.5031996369361877
-0.10000000149011612,2.5,-0.34093815088272095
-0.09000000357627869,2.54,-0.26280471682548523
-0.12999999523162842,2.59,-0.3008503019809723
-0.09000000357627869,2.64,-0.1737186312675476
0.010000007227063179,2.69,-0.06836067885160446
-0.10000000149011612,2.76,0.9097885489463806
-0.10999999940395355,2.86,0.9372174739837646
-0.10999999940395355,2.96,0.9553864598274231
-0.10000000149011612,3.06,0.9031902551651001
-0.10000000149011612,3.21,0.9291983842849731
-0.10000000149011612,3.4,1.0116119384765625
-0.10999999940395355,3.6,1.0302073955535889
-0.11999999731779099,3.79,1.0878973007202148
-0.11999999731779099,3.96,1.0934427976608276
-0.11999999731779099,4.1,1.2976114749908447
-0.10000000149011612,4.23,1.382420301437378
-0.09000000357627869,4.37,1.625962734222412
-0.09000000357627869,4.51,1.742331862449646
-0.10999999940395355,4.64,1.7594698667526245
-0.12999999523162842,4.77,1.8497382402420044
-0.10000000149011612,4.9,2.048419237136841
-0.11999999731779099,5.0,0.26423853635787964
-0.10999999940395355,5.07,0.32346025109291077
-0.11999999731779099,5.14,0.36639511585235596
-0.11999999731779099,5.21,0.37007346749305725
-0.10000000149011612,5.4,0.4568706154823303
-0.07000000029802322,5.71,0.574830949306488
-0.11999999731779099,6.01,0.6144206523895264
-0.10999999940395355,6.32,0.7029765844345093
0.0,6.69,0.7623120546340942
-0.030000001192092896,7.11,0.9883785247802734
0.10999999940395355,7.54,1.0820213556289673
1.340000033378601,7.97,1.376975655555725
0.7899999618530273,8.52,1.5498899221420288
1.2999999523162842,9.2,1.592214822769165
1.5800000429153442,9.88,1.6879993677139282
2.700000047683716,10.56,1.9127854108810425
3.240000009536743,11.29,3.6436614990234375
3.8399999141693115,12.06,4.186882495880127
4.130000114440918,12.84,4.700952529907227
4.920000076293945,13.61,5.507681369781494
7.229999542236328,14.36,6.382798671722412
9.220000267028809,15.09,7.132950305938721
9.050000190734863,15.81,7.654412746429443
9.930000305175781,16.54,8.415322303771973
11.660000801086426,17.3,9.209648132324219
13.119999885559082,18.09,9.85098648071289
17.950000762939453,18.89,10.280210494995117
20.899999618530273,19.69,10.952601432800293
22.59000015258789,20.42,11.622466087341309
24.950000762939453,21.09,12.114472389221191
27.209999084472656,21.77,12.334643363952637
28.6200008392334,22.44,12.785041809082031
30.649999618530273,23.04,28.157840728759766
33.400001525878906,23.58,28.077516555786133
36.09000015258789,24.11,27.962263107299805
34.720001220703125,24.65,28.133298873901367
37.279998779296875,25.07,28.5028076171875
36.9900016784668,25.37,28.589881896972656
38.34000015258789,25.67,28.68558692932129
37.59000015258789,25.97,28.802783966064453
38.65999984741211,26.23,29.165002822875977
38.189998626708984,26.45,29.09507179260254
38.439998626708984,26.67,29.183887481689453
39.29999923706055,26.89,28.856658935546875
34.34000015258789,27.19,28.954572677612305
34.0,27.57,29.199365615844727
34.529998779296875,27.95,28.881467819213867
37.41999816894531,28.33,28.644874572753906
37.0099983215332,28.67,36.41738510131836
39.880001068115234,28.95,36.14442443847656
36.84000015258789,29.23,35.87321090698242
38.869998931884766,29.51,35.59246826171875
38.75,29.76,35.4815559387207
40.43000030517578,29.97,35.05470657348633
39.959999084472656,30.18,35.14368438720703
38.77000045776367,30.4,35.04676055908203
34.86000061035156,30.51,34.9232177734375
38.91999816894531,30.54,34.4538688659668
40.810001373291016,30.56,34.496620178222656
37.84000015258789,30.58,33.907527923583984
39.439998626708984,30.53,33.71247100830078
39.939998626708984,30.42,33.74171447753906
39.220001220703125,30.3,33.119544982910156
37.439998626708984,30.18,32.71348190307617
36.81999969482422,30.09,35.64651107788086
34.599998474121094,29.77,35.2916374206543
33.88999938964844,29.46,34.89726257324219
40.650001525878906,29.14,34.472660064697266
39.130001068115234,28.86,34.209686279296875
36.84000015258789,28.64,33.71468734741211
34.20000076293945,28.42,33.67411422729492
33.470001220703125,28.19,33.42573928833008
34.459999084472656,27.92,33.18939208984375
34.459999084472656,27.6,32.6635856628418
27.240001678466797,27.29,32.61655044555664
31.030000686645508,26.97,31.941116333007812
27.869998931884766,26.68,31.630386352539062
27.829999923706055,26.41,31.596290588378906
25.600000381469727,26.14,30.98200798034668
27.280000686645508,25.87,30.498397827148438
29.940000534057617,25.51,27.827516555786133
26.999998092651367,25.05,27.62125587463379
25.360000610351562,24.59,27.35553550720215
26.889999389648438,24.13,27.066635131835938
20.639999389648438,23.76,26.883588790893555
20.399999618530273,23.47,26.48712921142578
19.90999984741211,23.17,26.534137725830078
18.860000610351562,22.88,26.401029586791992
16.649999618530273,22.62,26.210464477539062
23.950002670288086,22.38,25.884170532226562
22.610000610351562,22.14,25.89272689819336
18.469999313354492,21.91,25.47724723815918
16.1200008392334,21.78,25.306503295898438
15.010000228881836,21.77,25.292234420776367
19.190000534057617,21.76,24.794757843017578
20.100000381469727,21.75,24.482784271240234
24.399999618530273,21.79,20.41526222229004
25.5,21.89,20.33587646484375
20.690000534057617,21.99,20.17621612548828
15.189998626708984,22.09,20.14727020263672
19.399999618530273,22.22,20.20722770690918
19.190000534057617,22.38,20.132349014282227
20.8799991607666,22.54,20.164688110351562
19.420000076293945,22.71,20.164499282836914
15.039999961853027,22.84,20.21497344970703
19.290000915527344,22.96,20.121912002563477
16.59000015258789,23.07,20.148582458496094
22.350000381469727,23.18,19.920249938964844
21.5,23.21,19.94285011291504
23.389999389648438,23.14,20.031320571899414
18.68000030517578,23.07,19.725725173950195
19.40999984741211,23.01,19.554454803466797
18.850000381469727,23.02,20.314851760864258
20.950000762939453,23.1,20.4950008392334
21.989999771118164,23.19,20.597774505615234
19.239999771118164,23.27,20.953842163085938
21.09000015258789,23.36,21.39858627319336
17.989999771118164,23.46,21.673065185546875
17.75,23.55,21.93718910217285
21.530000686645508,23.65,22.266530990600586
24.940000534057617,23.92,22.675315856933594
24.750001907348633,24.37,22.812759399414062
25.3799991607666,24.81,23.002792358398438
28.170000076293945,25.25,22.972881317138672
25.889997482299805,25.75,23.263675689697266
27.169998168945312,26.29,23.561418533325195
30.750001907348633,26.83,23.37417984008789
29.68000030517578,27.37,23.36908531188965
28.270002365112305,27.87,29.292598724365234
32.45000076293945,28.34,29.2104549407959
33.45000076293945,28.81,29.092803955078125
35.7400016784668,29.28,29.111520767211914
33.06999969482422,29.59,29.305374145507812
31.950002670288086,29.75,29.236427307128906
34.63999938964844,29.9,29.37360191345215
33.65999984741211,30.06,29.448129653930664
31.770000457763672,30.21,29.625741958618164
33.869998931884766,30.37,29.485979080200195
33.36000061035156,30.52,29.575220108032227
36.38999938964844,30.68,29.244874954223633
35.54999923706055,30.8,29.269752502441406
35.09000015258789,30.88,29.437021255493164
32.369998931884766,30.97,29.03840446472168
29.510000228881836,31.05,28.755817413330078
33.36000061035156,31.16,29.903106689453125
34.970001220703125,31.28,29.949604034423828
32.529998779296875,31.41,29.9320125579834
31.920000076293945,31.53,30.046287536621094
35.20000076293945,31.69,30.324161529541016
34.90999984741211,31.9,30.30204200744629
33.790000915527344,32.1,30.558963775634766
33.72999954223633,32.3,30.755123138427734
30.999998092651367,32.48,30.99054527282715
31.169998168945312,32.62,30.873727798461914
33.4900016784668,32.77,31.026460647583008
34.130001068115234,32.91,30.78211212158203
34.9900016784668,33.03,30.845327377319336
34.04999923706055,33.13,31.07556915283203
33.81999969482422,33.22,30.678058624267578
35.2400016784668,33.31,30.443737030029297
36.7400016784668,34.05,34.20172119140625
28.830001831054688,33.83,33.86912536621094
27.400001525878906,33.6,33.51865005493164
28.130001068115234,33.38,33.16584396362305
28.299997329711914,33.03,32.96818542480469
30.65999984741211,32.57,32.53484344482422
32.18000030517578,32.1,32.5443229675293
30.709999084472656,31.64,32.32643127441406
33.220001220703125,31.14,32.13542556762695
36.29999923706055,30.6,31.719417572021484
31.1299991607666,30.07,31.68565559387207
27.96999740600586,29.53,31.07735824584961
35.27000045776367,28.97,30.819026947021484
35.970001220703125,28.39,30.786603927612305
33.599998474121094,27.8,30.218997955322266
33.27000045776367,27.21,29.761634826660156
27.80000114440918,26.7,32.49236297607422
27.530000686645508,26.27,32.17490005493164
27.18000030517578,25.83,31.8268985748291
28.599998474121094,25.39,31.45380973815918
26.670001983642578,25.02,31.2326717376709
21.989999771118164,24.72,30.78936767578125
25.010000228881836,24.41,30.77717399597168
28.100000381469727,24.11,30.567787170410156
30.889999389648438,24.02,30.367061614990234
25.540002822875977,24.16,29.952804565429688
27.260000228881836,24.3,29.91716194152832
21.610000610351562,24.44,29.34492301940918
24.420000076293945,24.59,29.10654067993164
21.90999984741211,24.74,29.06752586364746
21.020000457763672,24.9,28.512310028076172
23.100000381469727,25.05,28.10321807861328
20.200000762939453,25.22,24.211624145507812
23.360000610351562,25.4,24.163753509521484
26.559999465942383,25.58,24.041000366210938
22.770000457763672,25.76,23.997350692749023
26.079999923706055,25.91,24.051023483276367
24.959999084472656,26.01,23.88637924194336
24.459997177124023,26.12,24.059764862060547
32.22999954223633,26.23,24.10593605041504
27.3799991607666,26.31,24.117639541625977
22.84000015258789,26.36,24.030441284179688
25.829999923706055,26.41,24.094865798950195
22.309999465942383,26.46,23.87578010559082
24.599998474121094,26.38,23.893444061279297
24.03000259399414,26.17,23.971830368041992
21.010000228881836,25.97,23.622812271118164
22.34000015258789,25.76,23.437397003173828
24.239999771118164,25.56,23.677244186401367
17.020000457763672,25.37,23.7271671295166
14.329999923706055,25.18,23.70428466796875
16.770000457763672,24.99,23.805557250976562
19.25,24.82,24.00714683532715
20.860000610351562,24.67,23.978490829467773
18.959999084472656,24.51,24.222700119018555
17.860000610351562,24.36,24.39080047607422
17.31999969482422,24.38,24.54448127746582
22.389999389648438,24.59,24.538795471191406
15.580000877380371,24.79,24.65594482421875
24.35000228881836,24.99,24.523330688476562
22.670000076293945,25.24,24.63827896118164
20.709999084472656,25.56,24.79599952697754
19.510000228881836,25.87,24.493669509887695
5.910000324249268,26.18,24.372041702270508
12.949999809265137,26.5,8.06201171875
13.869999885559082,26.83,8.723379135131836
21.649999618530273,27.16,9.255609512329102
23.089998245239258,27.49,9.996495246887207
24.979999542236328,27.79,10.800539016723633
23.84000015258789,28.04,11.459424018859863
23.3799991607666,28.29,12.002826690673828
28.079999923706055,28.54,12.768763542175293
27.3799991607666,28.7,13.50661849975586
24.110002517700195,28.76,13.990350723266602
26.8700008392334,28.82,14.396149635314941
31.440000534057617,28.89,14.950859069824219
32.779998779296875,28.91,15.578630447387695
29.899999618530273,28.9,16.10415267944336
29.78999900817871,28.89,16.16676139831543
33.5,28.88,16.56407356262207
30.599998474121094,28.79,32.13893508911133
30.15999984741211,28.63,31.78064727783203
27.089998245239258,28.46,31.39138412475586
28.959999084472656,28.3,31.040008544921875
29.400001525878906,28.11,30.86005973815918
27.80000114440918,27.9,30.459793090820312
27.64000129699707,27.69,30.376203536987305
20.93000030517578,27.48,30.124168395996094
22.959999084472656,27.24,29.9727783203125
29.209999084472656,26.95,29.576908111572266
23.96999740600586,26.67,29.501920700073242
17.229999542236328,26.38,28.906740188598633
18.729999542236328,25.98,28.648488998413086
16.68000030517578,25.46,28.621912002563477
14.500000953674316,24.94,28.07270622253418
18.020000457763672,24.41,27.59002113342285
14.810001373291016,21.47,17.357454299926758
15.350000381469727,20.64,16.982511520385742
13.219999313354492,19.82,16.51781463623047
14.09999942779541,19.0,15.963443756103516
14.419999122619629,18.22,15.49509048461914
17.1299991607666,17.49,14.995270729064941
14.379999160766602,16.76,14.7146577835083
13.379999160766602,16.02,14.283637046813965
12.479999542236328,15.38,13.847925186157227
13.520000457763672,14.84,13.4638032913208
14.3100004196167,14.29,13.302441596984863
9.84000015258789,13.75,12.892132759094238
8.5600004196167,13.26,12.543146133422852
8.819999694824219,12.84,12.328431129455566
9.449999809265137,12.42,11.880326271057129
8.960000038146973,11.99,11.553141593933105
4.670000076293945,11.64,9.280550003051758
4.070000171661377,11.36,9.21652889251709
4.170000076293945,11.08,9.000715255737305
3.490000009536743,10.79,8.862116813659668
5.079999923706055,10.62,8.80016803741455
4.519999980926514,10.56,8.641966819763184
6.940000057220459,10.49,8.54740047454834
4.889999866485596,10.43,8.46112060546875
3.6700000762939453,10.35,8.368371963500977
2.059999942779541,10.25,8.29472541809082
2.759999990463257,10.15,8.256509780883789
3.0399999618530273,10.05,8.208892822265625
2.450000047683716,10.02,8.166823387145996
2.990000009536743,10.06,8.13994026184082
2.2200000286102295,10.1,7.950117111206055
2.950000047683716,10.13,7.926600456237793
2.859999895095825,10.14,4.104037761688232
1.899999976158142,10.12,4.135862350463867
1.2300000190734863,10.1,4.029539108276367
0.2199999988079071,10.08,3.992865800857544
0.7599999904632568,10.1,4.024750709533691
1.399999976158142,10.16,3.9541053771972656
4.139999866485596,10.22,3.91921067237854
4.820000171661377,10.28,3.923903703689575
3.7100000381469727,10.31,3.9056637287139893
5.329999923706055,10.31,3.9610607624053955
4.739999771118164,10.31,3.9636216163635254
4.78000020980835,10.32,4.102672576904297
7.71999979019165,10.24,4.132638454437256
8.770000457763672,10.09,4.131300449371338
7.430000305175781,9.93,4.083717346191406
7.400000095367432,9.78,4.182435989379883
5.059999942779541,9.59,8.519882202148438
4.019999980926514,9.37,8.342040061950684
3.569999933242798,9.14,8.020186424255371
4.46999979019165,8.92,7.751838207244873
4.510000228881836,8.71,7.563535213470459
2.8499999046325684,8.51,7.2848968505859375
3.619999885559082,8.31,7.096631050109863
5.059999942779541,8.11,6.85151481628418
8.460000038146973,7.94,6.6319403648376465
6.930000305175781,7.79,6.486429214477539
6.390000343322754,7.65,6.379406452178955
7.270000457763672,7.5,6.2538838386535645
8.5,7.51,6.059900283813477
9.75,7.66,5.944141864776611
8.510000228881836,7.81,5.770974159240723
8.619999885559082,7.96,5.689455032348633
9.039999961853027,8.33,9.726530075073242
11.230000495910645,8.92,10.09586238861084
12.09000015258789,9.5,10.343788146972656
12.289999961853027,10.09,10.901705741882324
16.18000030517578,10.82,11.491226196289062
14.920000076293945,11.7,11.899467468261719
17.059999465942383,12.59,12.252179145812988
19.049999237060547,13.47,12.755313873291016
18.469999313354492,14.64,13.296956062316895
21.520000457763672,16.08,13.635504722595215
22.650001525878906,17.53,13.904057502746582
25.459999084472656,18.97,14.252054214477539
24.279998779296875,20.55,14.669398307800293
27.010000228881836,22.27,15.049002647399902
28.770000457763672,23.98,15.071639060974121
32.70000076293945,25.7,15.303898811340332
31.020000457763672,26.99,31.526243209838867
29.409997940063477,27.85,31.483142852783203
30.239999771118164,28.72,31.359458923339844
33.0099983215332,29.59,31.56402587890625
33.75,30.33,31.93882179260254
32.38999938964844,30.94,31.962976455688477
34.2599983215332,31.55,32.11970138549805
34.06999969482422,32.16,32.267574310302734
30.770000457763672,32.64,32.564971923828125
33.970001220703125,33.0,32.465980529785156
33.959999084472656,33.36,32.56520080566406
36.0,33.72,32.144466400146484
37.130001068115234,34.02,32.244056701660156
30.450000762939453,34.27,32.494544982910156
28.780000686645508,34.52,32.13590621948242
30.239999771118164,34.76,31.835132598876953
31.520000457763672,30.53,31.0467586517334
30.020000457763672,30.61,31.128524780273438
33.560001373291016,30.68,31.15011215209961
37.810001373291016,30.76,31.3262996673584
37.220001220703125,30.87,31.639774322509766
36.939998626708984,31.0,31.593563079833984
37.45000076293945,31.13,31.95527458190918
37.599998474121094,31.26,32.220359802246094
31.96000099182129,31.37,32.41903305053711
32.06999969482422,31.46,32.35405349731445
32.0099983215332,31.55,32.539466857910156
25.78000259399414,31.64,32.28723907470703
24.979999542236328,31.82,32.423519134521484
31.400001525878906,32.1,32.649784088134766
27.65999984741211,32.37,32.27275085449219
27.049999237060547,32.65,32.081642150878906
30.430002212524414,32.85,28.13431739807129
27.309999465942383,32.99,28.230966567993164
26.719999313354492,33.12,28.24378204345703
29.309999465942383,33.25,28.388195037841797
32.459999084472656,33.32,28.641036987304688
26.239999771118164,33.32,28.57721710205078
22.06999969482422,33.32,28.931636810302734
23.889997482299805,33.32,29.161075592041016
30.910001754760742,33.37,29.33149528503418
29.560001373291016,33.49,29.30928611755371
29.579999923706055,33.6,29.479177474975586
30.81999969482422,33.71,29.30208969116211
26.530000686645508,33.71,29.413589477539062
26.35999870300293,33.58,29.615333557128906
31.920000076293945,33.45,29.27345085144043
34.029998779296875,33.32,29.110685348510742
35.099998474121094,33.2,32.92095184326172
34.68000030517578,33.07,32.5388298034668
30.40999984741211,32.95,32.10736846923828
35.06999969482422,32.82,31.690507888793945
33.06999969482422,32.74,31.4039306640625
36.20000076293945,32.69,30.88431167602539
38.619998931884766,32.64,30.850566864013672
38.59000015258789,32.6,30.557064056396484
39.209999084472656,32.37,30.276426315307617
41.38999938964844,31.96,29.885738372802734
41.619998931884766,31.55,29.784870147705078
40.220001220703125,31.14,29.154634475708008
40.650001525878906,30.72,28.86549186706543
40.2400016784668,30.29,28.7673282623291
33.709999084472656,29.86,28.22122573852539
35.72999954223633,29.44,27.744352340698242
34.31999969482422,28.99,35.14885711669922
35.349998474121094,28.51,34.62094497680664
39.040000915527344,28.04,34.049625396728516
37.75,27.57,33.395652770996094
39.27000045776367,27.17,32.85478210449219
34.65999984741211,26.84,32.13905715942383
34.52000045776367,26.52,31.963891983032227
35.36000061035156,26.19,31.527923583984375
36.65999984741211,26.02,31.04024887084961
37.540000915527344,26.02,30.43277931213379
38.900001525878906,26.02,30.303476333618164
36.279998779296875,26.02,29.500520706176758
35.5099983215332,26.18,29.073225021362305
31.350000381469727,26.5,28.888919830322266
28.15999984741211,26.82,28.238792419433594
27.469999313354492,27.14,27.71415901184082
27.34000015258789,27.46,28.64911460876465
27.93000030517578,27.79,28.534875869750977
28.18000030517578,28.12,28.337068557739258
25.940000534057617,28.45,28.163633346557617
24.100000381469727,28.74,28.05955696105957
26.770000457763672,29.0,27.730995178222656
23.400001525878906,29.26,27.834453582763672
28.780000686645508,29.52,27.844877243041992
30.06999969482422,29.59,27.72490692138672
26.790000915527344,29.48,27.4288272857666
21.1200008392334,29.37,27.509122848510742
24.839998245239258,29.26,27.11362648010254
22.0,29.09,27.04927635192871
16.040000915527344,28.85,27.1246395111084
12.760000228881836,28.62,26.660768508911133
13.620000839233398,28.38,26.43977928161621
16.239999771118164,28.19,16.34226417541504
17.90999984741211,28.03,16.662944793701172
16.639999389648438,27.87,16.883731842041016
15.660000801086426,27.72,17.2403507232666
15.09999942779541,27.56,17.64500617980957
11.569999694824219,27.4,17.82733154296875
11.700000762939453,27.24,18.253801345825195
13.670000076293945,27.08,18.687326431274414
12.520000457763672,26.96,19.019502639770508
15.050000190734863,26.89,19.238182067871094
19.34000015258789,26.81,19.494857788085938
22.329999923706055,26.73,19.711780548095703
21.389999389648438,26.71,20.03944969177246
19.280000686645508,26.74,20.32838249206543
14.379999160766602,26.77,20.160152435302734
15.299999237060547,26.8,20.260395050048828
16.790000915527344,26.78,15.660808563232422
15.430000305175781,26.6,15.66087818145752
13.210000038146973,26.42,15.568896293640137
15.339999198913574,26.24,15.617403984069824
17.610000610351562,26.08,15.757390022277832
24.5,25.95,15.80696964263916
25.739999771118164,25.82,15.843751907348633
25.6299991607666,25.68,15.921042442321777
27.600000381469727,25.67,16.042612075805664
32.939998626708984,25.79,16.054651260375977
34.11000061035156,25.91,16.08906364440918
30.40999984741211,26.02,15.982168197631836
29.299999237060547,26.11,16.104698181152344
28.969999313354492,26.15,16.20621109008789
27.75,26.2,15.99614143371582
25.350000381469727,26.25,15.959628105163574
23.600000381469727,26.12,25.328523635864258
29.049999237060547,25.82,25.059850692749023
26.229999542236328,25.52,24.692766189575195
26.950000762939453,25.22,24.337268829345703
27.720001220703125,24.8,24.125141143798828
26.8700008392334,24.25,23.729883193969727
24.790000915527344,23.71,23.63694190979004
26.469999313354492,23.16,23.41472816467285
22.3799991607666,22.66,23.19651985168457
20.709999084472656,22.21,22.88201332092285
19.420000076293945,21.76,22.78565216064453
18.09000015258789,21.31,22.33342933654785
16.5,21.02,22.125656127929688
18.010000228881836,20.89,22.059640884399414
19.139999389648438,20.75,21.611520767211914
17.790000915527344,20.61,21.278823852539062
18.639999389648438,20.63,18.649415969848633
14.940000534057617,20.81,18.651521682739258
12.25999927520752,20.98,18.573955535888672
11.399999618530273,21.16,18.59832763671875
10.420000076293945,21.44,18.72317123413086
12.580000877380371,21.82,18.696617126464844
11.89000129699707,22.21,18.792078018188477
12.229998588562012,22.6,18.878625869750977
9.869999885559082,22.94,18.98529815673828
9.350000381469727,23.24,18.95627784729004
7.109999656677246,23.55,19.007753372192383
8.979999542236328,23.85,18.90583610534668
8.279999732971191,24.06,18.97993278503418
10.40999984741211,24.19,19.09567642211914
9.670000076293945,24.31,18.81709861755371
8.989999771118164,24.44,18.704605102539062
8.84000015258789,24.57,10.286048889160156
10.25,24.69,10.553534507751465
12.500000953674316,24.82,10.755436897277832
12.4399995803833,24.95,11.175264358520508
14.630000114440918,25.07,11.638891220092773
11.949999809265137,25.18,12.023313522338867
10.390000343322754,25.28,12.30575942993164
12.270000457763672,25.39,12.703304290771484
11.069999694824219,25.52,13.110222816467285
11.84000015258789,25.67,13.427643775939941
10.15999984741211,25.83,13.623558044433594
14.069999694824219,25.98,13.855269432067871
13.930000305175781,26.25,14.26199722290039
11.700000762939453,26.62,14.521838188171387
12.419999122619629,27.0,14.501221656799316
16.68000030517578,27.38,14.696473121643066
19.200000762939453,27.73,18.431320190429688
17.15999984741211,28.05,18.728469848632812
17.5,28.37,18.98475456237793
16.920000076293945,28.69,19.59612274169922
17.530000686645508,29.08,20.307653427124023
17.950000762939453,29.54,20.770896911621094
18.75,30.0,21.160497665405273
18.65999984741211,30.46,21.696401596069336
20.209999084472656,30.89,22.345975875854492
21.34000015258789,31.29,22.67562484741211
22.889999389648438,31.69,22.934730529785156
21.40999984741211,32.1,23.085798263549805
24.700000762939453,32.32,23.55899429321289
27.440000534057617,32.37,23.959693908691406
26.430002212524414,32.42,23.860454559326172
27.720001220703125,32.47,23.957088470458984
28.270002365112305,32.56,27.564882278442383
29.68000030517578,32.68,27.433944702148438
32.0,32.8,27.288265228271484
37.75,32.92,27.277530670166016
35.11000061035156,33.0,27.41402816772461
36.95000076293945,33.05,27.364343643188477
34.40999984741211,33.09,27.427459716796875
37.41999816894531,33.13,27.443912506103516
33.939998626708984,33.15,27.576322555541992
33.20000076293945,33.14,27.45026397705078
33.900001525878906,33.13,27.493684768676758
31.770000457763672,33.12,27.120227813720703
31.080001831054688,33.15,27.14410972595215
33.439998626708984,33.23,27.275827407836914
30.329999923706055,33.31,26.891517639160156
32.029998779296875,33.39,26.60264015197754
28.67999839782715,33.34,31.71677017211914
28.170000076293945,33.39,31.47066879272461
28.759998321533203,33.45,31.15615463256836
25.049999237060547,33.51,30.88825035095215
26.489999771118164,33.57,30.75436782836914
26.37999725341797,33.65,30.371166229248047
30.839998245239258,33.73,30.442296981811523
33.810001373291016,33.81,30.29438018798828
33.70000076293945,33.85,30.132307052612305
34.4900016784668,33.86,29.849382400512695
33.86000061035156,33.86,29.809749603271484
31.93000030517578,33.87,29.292966842651367
33.43000030517578,33.84,29.11838722229004
36.959999084472656,33.79,29.093406677246094
39.59000015258789,33.73,28.61570167541504
40.5099983215332,33.68,28.23377227783203
36.56999969482422,33.59,37.353694915771484
38.689998626708984,33.47,36.8353157043457
41.63999938964844,33.36,36.24302673339844
35.7599983215332,33.24,35.655372619628906
30.119998931884766,33.09,35.22825622558594
25.889997482299805,32.9,34.54705810546875
21.690000534057617,32.71,34.390480041503906
18.860000610351562,32.52,33.958412170410156
22.329999923706055,32.27,33.555145263671875
21.540000915527344,31.95,33.00941848754883
24.3700008392334,31.63,32.80803680419922
27.219999313354492,31.31,31.966833114624023
27.600000381469727,31.01,31.54602813720703
28.899999618530273,30.73,31.376331329345703
26.079999923706055,30.46,30.746522903442383
29.030000686645508,30.18,30.13555335998535
30.899999618530273,29.94,27.708181381225586
29.880001068115234,29.75,27.325429916381836
27.869998931884766,29.57,26.8765869140625
34.099998474121094,29.38,26.452112197875977
39.279998779296875,29.26,26.16533660888672
35.9900016784668,29.2,25.716922760009766
37.0,29.15,25.575359344482422
39.72999954223633,29.1,25.25241470336914
33.220001220703125,29.09,24.975902557373047
35.63999938964844,29.11,24.622573852539062
33.25,29.13,24.464372634887695
33.91999816894531,29.16,23.8890438079834
26.93000030517578,29.07,23.623537063598633
33.529998779296875,28.87,23.493972778320312
36.36000061035156,28.67,23.01744842529297
33.18000030517578,28.47,22.61016273498535
32.25,28.2,30.602441787719727
33.04999923706055,27.86,30.033676147460938
28.969999313354492,27.52,29.34453010559082
29.06999969482422,27.18,28.687240600585938
28.8700008392334,26.88,28.278051376342773
24.81999969482422,26.64,27.68444061279297
26.03999900817871,26.39,27.400270462036133
25.760000228881836,26.15,26.877910614013672
19.56999969482422,25.81,26.463171005249023
18.760000228881836,25.38,25.937362670898438
16.670000076293945,24.96,25.665529251098633
17.350000381469727,24.53,25.067432403564453
20.25,24.2,24.589723587036133
23.48000144958496,23.95,24.333263397216797
21.440000534057617,23.7,23.815149307250977
18.6299991607666,23.45,23.35329818725586
20.8799991607666,23.21,19.08580780029297
19.610000610351562,22.98,18.85304069519043
17.31999969482422,22.74,18.51938247680664
17.790000915527344,22.51,18.258548736572266
17.75,22.39,18.1160945892334
18.700000762939453,22.38,17.864290237426758
16.93000030517578,22.37,17.699081420898438
15.419999122619629,22.37,17.51963996887207
12.930000305175781,22.46,17.38709259033203
13.829999923706055,22.64,17.16526222229004
18.860000610351562,22.82,17.068124771118164
18.350000381469727,23.0,16.726612091064453
16.25,23.02,16.606019973754883
14.649999618530273,22.87,16.562395095825195
15.390000343322754,22.72,16.222379684448242
21.139999389648438,22.57,15.998300552368164
24.270002365112305,22.38,19.005075454711914
29.32000160217285,22.13,18.444866180419922
33.25,21.89,17.82209014892578
32.560001373291016,21.64,17.21185302734375
25.1299991607666,21.21,16.754241943359375
26.830001831054688,20.59,16.230417251586914
27.78999900817871,19.97,15.78952407836914
29.100000381469727,19.36,15.227777481079102
27.62000274658203,18.7,14.815071105957031
19.43000030517578,18.0,14.381417274475098
19.549999237060547,17.31,14.079285621643066
19.780000686645508,16.61,13.501479148864746
16.979999542236328,15.93,13.079033851623535
18.969999313354492,15.27,12.795178413391113
20.040000915527344,14.6,12.361190795898438
20.780000686645508,13.93,11.967584609985352
16.81999969482422,14.47,20.456586837768555
13.369999885559082,13.74,19.909889221191406
10.279999732971191,13.01,19.27311897277832
10.050000190734863,12.27,18.615182876586914
9.1899995803833,11.59,18.041608810424805
12.880000114440918,10.95,17.408689498901367
11.6899995803833,10.32,16.99496078491211
8.829999923706055,9.68,16.46559715270996
7.310000419616699,9.11,15.936694145202637
7.019999980926514,8.61,15.482823371887207
5.420000076293945,8.11,15.261685371398926
5.990000247955322,7.61,14.660147666931152
6.87000036239624,7.17,14.261837005615234
6.539999961853027,6.8,14.00461483001709
10.25,6.44,13.528265953063965
12.25999927520752,6.07,13.126927375793457
13.25999927520752,5.78,10.415410995483398
13.139999389648438,5.57,10.152666091918945
12.930000305175781,5.36,9.794069290161133
12.930000305175781,5.15,9.48316764831543
11.949999809265137,4.99,9.26126766204834
8.279999732971191,4.89,8.966375350952148
5.850000381469727,4.78,8.712236404418945
9.0600004196167,4.68,8.43315601348877
9.229999542236328,4.63,8.230175971984863
11.710000038146973,4.62,8.049105644226074
11.84000015258789,4.61,7.899471282958984
14.25,4.61,7.708442687988281
15.299999237060547,4.62,7.504260063171387
16.639999389648438,4.65,7.348521709442139
17.520000457763672,4.69,7.1162190437316895
15.479999542236328,4.72,6.978806018829346
13.25999927520752,4.77,14.691204071044922
16.079999923706055,4.82,14.373703956604004
12.869999885559082,4.88,13.915390014648438
8.720000267028809,4.93,13.568984985351562
8.09000015258789,5.02,13.318761825561523
8.579999923706055,5.15,12.984147071838379
6.450000286102295,5.27,12.694659233093262
3.25,5.4,12.340882301330566
3.1500000953674316,5.5,12.09032917022705
3.2799999713897705,5.56,11.805959701538086
3.450000047683716,5.63,11.638944625854492
4.019999980926514,5.69,11.281330108642578
3.9800000190734863,5.73,11.060464859008789
2.990000009536743,5.75,10.921616554260254
3.4700000286102295,5.77,10.622541427612305
4.550000190734863,5.79,10.392631530761719
4.25,5.85,5.608642101287842
6.679999828338623,5.96,5.64912223815918
6.12999963760376,6.07,5.488016128540039
7.519999980926514,6.18,5.542122840881348
8.420000076293945,6.22,5.530807971954346
9.359999656677246,6.17,5.548287868499756
8.399999618530273,6.13,5.512500286102295
6.890000343322754,6.09,5.481216907501221
6.71999979019165,6.09,5.470637321472168
6.529999732971191,6.14,5.49355411529541
5.749999523162842,6.19,5.544854640960693
6.28000020980835,6.24,5.590763568878174
4.230000019073486,6.27,5.6581573486328125
3.869999885559082,6.29,5.672114372253418
3.9600000381469727,6.31,5.611911773681641
3.890000104904175,6.33,5.660434722900391
2.8499999046325684,6.31,4.362282752990723
4.639999866485596,6.24,4.204653739929199
3.4200000762939453,6.18,3.9861960411071777
2.7799999713897705,6.12,3.7882697582244873
2.369999885559082,5.98,3.6765480041503906
3.1500000953674316,5.76,3.5494272708892822
4.300000190734863,5.54,3.35636568069458
4.940000057220459,5.32,3.2082679271698
4.409999847412109,5.09,3.105454444885254
3.7699999809265137,4.84,3.0923798084259033
4.230000019073486,4.6,3.0302538871765137
4.480000019073486,4.35,3.045720100402832
3.7799999713897705,4.14,2.97771954536438
4.0,3.96,2.875922203063965
4.079999923706055,3.78,2.776737928390503
4.570000171661377,3.6,2.8077280521392822
2.200000047683716,3.46,5.495626449584961
1.0800000429153442,3.36,5.301797389984131
2.950000047683716,3.26,5.075778007507324
1.5099999904632568,3.15,4.8395771980285645
1.659999966621399,3.1,4.685340404510498
1.840000033378601,3.1,4.5284423828125
2.430000066757202,3.09,4.355588912963867
0.25999999046325684,3.09,4.145937919616699
1.090000033378601,3.1,4.000556945800781
1.0,3.11,3.9623281955718994
1.2200000286102295,3.13,3.8786253929138184
0.7099999189376831,3.14,3.8525633811950684
0.6100000739097595,3.18,3.747546911239624
0.22999998927116394,3.24,3.6167571544647217
0.04999999701976776,3.29,3.4955084323883057
0.33000001311302185,3.35,3.4821877479553223
0.019999993965029716,3.97,2.2701547145843506
0.5200000405311584,4.33,2.2956981658935547
1.2300000190734863,4.69,2.2009711265563965
1.1200000047683716,5.05,2.135655403137207
1.0700000524520874,5.32,2.154097557067871
0.7799999713897705,5.52,2.1401526927948
0.27000001072883606,5.72,2.0994081497192383
-0.14000000059604645,5.92,2.10722279548645
-0.11999999731779099,5.95,2.0704588890075684
0.06000000238418579,5.81,2.1661930084228516
0.2199999988079071,5.68,2.1779258251190186
0.2800000011920929,5.55,2.36775803565979
0.4399999976158142,5.38,2.408480167388916
0.8899999856948853,5.18,2.4031214714050293
1.590000033378601,4.98,2.3945047855377197
1.3200000524520874,4.78,2.5397801399230957
1.6200000047683716,4.52,2.2925567626953125
2.640000104904175,4.22,2.4823336601257324
1.7000000476837158,3.92,2.5932023525238037
1.8899999856948853,3.61,2.8115148544311523
2.0899999141693115,3.38,3.1030120849609375
1.0,3.22,3.304974317550659
1.059999942779541,3.07,3.4284768104553223
0.6899999380111694,2.91,3.661759614944458
0.7400000095367432,2.83,3.9164979457855225
0.3799999952316284,2.83,4.161571025848389
0.06000000238418579,2.83,4.298681259155273
0.23999996483325958,2.83,4.642275333404541
0.30000001192092896,2.9,4.884161472320557
0.8299998641014099,3.03,5.01351261138916
0.3499999940395355,3.16,5.066674709320068
0.5399999618530273,3.3,5.297855377197266
0.7300000190734863,3.52,2.2338931560516357
1.6200000047683716,3.82,3.5377256870269775
1.190000057220459,4.13,4.774279594421387
1.1799999475479126,4.44,6.69268798828125
0.8999999761581421,5.09,8.557368278503418
1.159999966621399,6.09,10.11677074432373
0.8199999332427979,7.09,11.315751075744629
0.809999942779541,8.09,13.022736549377441
0.25,9.22,14.7809419631958
0.5399999618530273,10.5,16.020549774169922
0.2800000011920929,11.78,16.902782440185547
0.019999993965029716,13.06,18.24213981628418
1.0399999618530273,14.44,19.658170700073242
1.649999976158142,15.92,20.747432708740234
3.9000000953674316,17.4,21.22297477722168
3.609999895095825,18.89,22.095321655273438
4.340000152587891,20.51,19.091312408447266
4.03000020980835,22.26,19.923105239868164
7.460000038146973,24.02,20.498184204101562
8.140000343322754,25.77,21.88229751586914
12.189998626708984,27.11,23.64922523498535
19.209999084472656,28.04,24.577430725097656
25.48000144958496,28.96,25.356727600097656
32.20000076293945,29.89,26.45956802368164
32.88999938964844,30.63,27.694454193115234
35.900001525878906,31.19,28.284805297851562
35.619998931884766,31.75,28.766490936279297
36.38999938964844,32.32,29.163434982299805
36.83000183105469,32.69,29.831602096557617
36.970001220703125,32.86,30.544967651367188
35.72999954223633,33.04,30.625802993774414
37.47999954223633,33.22,30.90123176574707
37.540000915527344,33.37,36.71314239501953
34.380001068115234,33.49,36.61235809326172
33.31999969482422,33.62,36.47231674194336
39.619998931884766,33.74,36.46344757080078
38.189998626708984,33.85,36.644893646240234
38.65999984741211,33.94,36.443050384521484
35.810001373291016,34.02,36.67903518676758
35.029998779296875,34.11,36.7817497253418
36.209999084472656,34.26,36.88294982910156
35.47999954223633,34.46,36.647193908691406
36.97999954223633,34.65,36.75775909423828
35.939998626708984,34.85,36.28115463256836
35.0,34.99,36.2690315246582
38.31999969482422,35.06,36.4283447265625
39.4900016784668,35.14,35.937225341796875
38.720001220703125,35.21,35.55510330200195
39.72999954223633,35.3,37.39846420288086
39.689998626708984,35.4,37.295989990234375
40.290000915527344,35.51,37.11210632324219
40.7400016784668,35.61,36.96844482421875
40.52000045776367,35.7,37.01048278808594
40.0099983215332,35.76,36.69413375854492
40.88999938964844,35.82,36.900901794433594
40.27000045776367,35.88,36.9052848815918
40.209999084472656,35.9,36.866722106933594
41.060001373291016,35.89,36.534122467041016
38.220001220703125,35.89,36.641822814941406
39.65999984741211,35.88,36.021793365478516
37.79999923706055,35.85,35.918701171875
38.31999969482422,35.8,36.022918701171875
39.529998779296875,35.76,35.57880401611328
39.529998779296875,35.71,35.166019439697266
35.52000045776367,36.07,38.59739303588867
35.0099983215332,36.03,38.39013671875
36.4900016784668,36.0,38.05836868286133
37.81999969482422,35.96,37.47977066040039
35.04999923706055,35.88,37.10298538208008
34.029998779296875,35.75,36.48272705078125
31.48000144958496,35.63,36.51477813720703
30.100000381469727,35.5,36.1992301940918
35.060001373291016,35.33,35.7789192199707
30.130001068115234,35.14,35.11357498168945
23.950002670288086,34.94,35.2017936706543
22.239999771118164,34.74,34.18247604370117
25.18000030517578,34.56,33.814510345458984
32.81999969482422,34.39,33.74518966674805
27.64999771118164,34.22,33.367279052734375
23.18000030517578,34.05,32.88392639160156
23.06999969482422,33.84,24.748842239379883
25.139999389648438,33.58,24.8756046295166
26.35999870300293,33.32,24.860191345214844
30.81999969482422,33.07,24.823549270629883
28.420000076293945,32.8,24.90606689453125
29.579999923706055,32.52,24.733570098876953
27.899999618530273,32.25,25.024154663085938
28.599998474121094,31.97,25.13605308532715
26.03000259399414,31.71,25.129840850830078
22.650001525878906,31.46,25.02625274658203
18.809999465942383,31.22,25.200170516967773
16.780000686645508,30.98,24.93478775024414
17.850000381469727,30.78,24.965375900268555
10.25,30.63,25.083351135253906
11.020000457763672,30.48,24.85261344909668
13.580000877380371,30.33,24.73792266845703
12.89000129699707,30.25,16.5966854095459
16.18000030517578,30.24,16.814067840576172
16.219999313354492,30.23,16.967151641845703
15.569999694824219,30.23,17.2503662109375
17.260000228881836,30.26,17.583988189697266
21.8799991607666,30.34,17.729103088378906
24.51000213623047,30.42,18.10651397705078
26.51999855041504,30.49,18.45576286315918
26.590002059936523,30.49,18.722736358642578
23.549999237060547,30.42,18.93964195251465
19.530000686645508,30.35,19.131141662597656
21.15999984741211,30.27,19.28417205810547
17.1299991607666,30.14,19.581565856933594
13.580000877380371,29.95,19.79024314880371
15.4399995803833,29.77,19.628795623779297
16.3700008392334,29.58,19.710067749023438
17.139999389648438,29.23,18.45888900756836
13.569999694824219,28.74,18.59690284729004
13.390000343322754,28.24,18.679515838623047
13.079999923706055,27.74,18.872514724731445
12.850001335144043,27.3,19.137168884277344
12.75,26.9,19.221515655517578
15.359999656677246,26.51,19.54380226135254
14.970000267028809,26.11,19.816360473632812
14.189998626708984,25.9,20.02869987487793
14.369999885559082,25.87,20.183103561401367
12.390000343322754,25.85,20.335952758789062
11.430000305175781,25.82,20.396547317504883
9.789999961853027,25.91,20.64076042175293
10.960000038146973,26.13,20.801923751831055
10.130000114440918,26.34,20.606904983520508
9.720000267028809,26.56,20.640378952026367
9.15999984741211,26.75,12.163512229919434
9.920000076293945,26.94,12.611734390258789
9.3100004196167,27.12,13.024168014526367
12.069999694824219,27.3,13.694750785827637
9.949999809265137,27.42,14.430106163024902
11.40999984741211,27.49,15.015137672424316
10.210000038146973,27.55,15.483379364013672
7.62999963760376,27.62,16.14325523376465
7.820000171661377,27.67,16.82878875732422
7.139999866485596,27.7,17.28915786743164
7.049999713897705,27.74,17.604106903076172
7.890000343322754,27.78,17.994340896606445
6.760000228881836,27.82,18.592849731445312
6.579999923706055,27.87,19.020647048950195
9.569999694824219,27.92,19.014673233032227
9.630000114440918,27.97,19.28004264831543
10.90999984741211,27.94,11.341618537902832
9.229999542236328,27.82,11.500656127929688
11.30000114440918,27.7,11.650430679321289
13.780000686645508,27.59,11.9868745803833
15.4399995803833,27.39,12.41154670715332
12.760000228881836,27.11,12.748230934143066
11.640000343322754,26.84,12.954543113708496
11.90000057220459,26.56,13.269757270812988
13.449999809265137,26.2,13.6664457321167
13.6899995803833,25.76,13.931370735168457
13.210000038146973,25.31,14.071900367736816
10.130000114440918,24.87,14.239224433898926
8.119999885559082,24.28,14.575904846191406
7.179999828338623,23.56,14.790334701538086
7.12999963760376,22.83,14.719419479370117
7.410000324249268,22.1,14.844440460205078
6.589999675750732,18.24,7.123979568481445
5.349999904632568,17.26,6.928353309631348
5.269999980926514,16.28,6.652467250823975
5.590000152587891,15.3,6.341402053833008
4.96999979019165,14.4,6.128312110900879
4.579999923706055,13.58,5.911830425262451
2.9600000381469727,12.77,5.685281276702881
2.9700000286102295,11.96,5.450902938842773
2.2300000190734863,11.26,5.235270023345947
1.1399999856948853,10.69,5.109821796417236
1.2300000190734863,10.13,4.98078727722168
0.9700000286102295,9.56,4.8824310302734375
0.5699999332427979,9.03,4.745572090148926
0.21000000834465027,8.53,4.566978931427002
-0.12999999523162842,8.04,4.357091426849365
-0.10000000149011612,7.54,4.3065996170043945
-0.10999999940395355,7.2,0.31079724431037903
-0.07999999821186066,7.0,0.4539868235588074
-0.10999999940395355,6.8,0.55168616771698
-0.10999999940395355,6.61,0.6811190247535706
-0.10999999940395355,6.46,0.8724713921546936
-0.10000000149011612,6.36,1.0199137926101685
-0.11999999731779099,6.26,1.0907306671142578
-0.09000000357627869,6.16,1.2610160112380981
-0.03999998793005943,6.11,1.4344011545181274
-0.04999999701976776,6.12,1.6620750427246094
-0.019999993965029716,6.12,1.7556571960449219
-0.04999999701976776,6.13,2.095799207687378
-0.019999993965029716,6.15,2.2943952083587646
0.010000007227063179,6.2,2.350399971008301
0.15000000596046448,6.25,2.4025259017944336
0.06000000238418579,6.3,2.634248971939087
-0.09000000357627869,6.33,1.00832200050354
-0.03999998793005943,6.34,0.9909352660179138
0.21000000834465027,6.34,0.9265796542167664
0.4399999976158142,6.35,0.8580387234687805
0.8600000143051147,6.33,0.8924638628959656
0.8500000238418579,6.3,0.9011234641075134
0.38999998569488525,6.26,0.8644754886627197
-0.07999999821186066,6.23,0.8142922520637512
-0.10000000149011612,6.21,0.7761812210083008
-0.09000000357627869,6.2,0.896802544593811
-0.010000007227063179,6.2,0.90065598487854
-0.09000000357627869,6.19,1.094666600227356
0.010000007227063179,6.23,1.2044293880462646
0.6200000643730164,6.3,1.1470774412155151
1.5800000429153442,6.38,1.1667708158493042
3.119999885559082,6.46,1.2801328897476196
3.4100000858306885,6.59,4.557025909423828
2.8499999046325684,6.77,4.496570587158203
3.450000047683716,6.94,4.385078430175781
3.7300000190734863,7.12,4.305332660675049
3.640000104904175,7.36,4.316003799438477
3.4100000858306885,7.65,4.3227081298828125
3.7799999713897705,7.95,4.274089336395264
3.5199999809265137,8.25,4.216613292694092
3.7699999809265137,8.64,4.189136028289795
4.579999923706055,9.12,4.257065773010254
4.099999904632568,9.6,4.244361400604248
5.960000038146973,10.08,4.345311164855957
4.769999980926514,10.67,4.370521068572998
3.990000009536743,11.37,4.313052177429199
3.880000114440918,12.07,4.268518447875977
4.03000020980835,12.77,4.312512397766113
4.019999980926514,13.36,4.6824517250061035
4.380000114440918,13.83,4.615800380706787
4.210000038146973,14.31,4.510339736938477
4.46999979019165,14.78,4.43137264251709
5.28000020980835,15.2,4.467862129211426
5.970000267028809,15.56,4.466505527496338
6.039999961853027,15.92,4.376716613769531
5.78000020980835,16.27,4.336368560791016
5.5799994468688965,16.58,4.357564449310303
6.5,16.85,4.411980152130127
6.910000324249268,17.11,4.382536888122559
5.920000076293945,17.37,4.485499382019043
5.860000133514404,17.61,4.515952110290527
6.579999923706055,17.83,4.471564769744873
7.679999828338623,18.05,4.388895034790039
8.420000076293945,18.27,4.45314884185791
8.350000381469727,18.41,9.518214225769043
9.100000381469727,18.45,9.353344917297363
11.109999656677246,18.5,9.165925025939941
11.0,18.54,9.1018648147583
12.459999084472656,18.51,9.115961074829102
13.84000015258789,18.41,9.073859214782715
16.290000915527344,18.31,8.94389533996582
14.019999504089355,18.21,8.880122184753418
9.449999809265137,18.14,8.920904159545898
9.729999542236328,18.09,8.937469482421875
8.550000190734863,18.05,8.925146102905273
10.390000343322754,18.01,8.87927532196045
13.670000076293945,17.92,8.894200325012207
14.179999351501465,17.78,8.907766342163086
14.89000129699707,17.65,8.76717758178711
10.970000267028809,17.51,8.74670696258545
11.140000343322754,19.03,12.017593383789062
10.399999618530273,18.7,11.834476470947266
13.729999542236328,18.37,11.514087677001953
13.850001335144043,18.04,11.255329132080078
15.40999984741211,17.69,11.085100173950195
14.179999351501465,17.34,10.85612964630127
14.970000267028809,16.99,10.673402786254883
13.520000457763672,16.64,10.446499824523926
12.350000381469727,16.32,10.226642608642578
11.989999771118164,16.03,10.071684837341309
13.350000381469727,15.75,9.948380470275879
13.89000129699707,15.46,9.723315238952637
13.459999084472656,15.25,9.590058326721191
16.84000015258789,15.12,9.48376178741455
18.989999771118164,14.98,9.245523452758789
15.199999809265137,14.85,9.135415077209473
12.789999961853027,14.77,15.10184383392334
11.989999771118164,14.74,14.971949577331543
13.029999732971191,14.7,14.72871208190918
12.810001373291016,14.67,14.569649696350098
13.029999732971191,14.62,14.49368667602539
14.459999084472656,14.56,14.372981071472168
16.260000228881836,14.49,14.264791488647461
15.660000801086426,14.42,14.171743392944336
16.260000228881836,14.36,14.095199584960938
13.430000305175781,14.31,13.99563980102539
15.069999694824219,14.26,13.910998344421387
11.720000267028809,14.21,13.694398880004883
12.15999984741211,14.16,13.692426681518555
14.6899995803833,14.11,13.660516738891602
17.559999465942383,14.06,13.407612800598145
14.75,14.01,13.315352439880371
14.75,13.98,14.63630485534668
14.75,13.95,14.439624786376953
14.75,13.93,14.144525527954102
14.75,13.91,13.861255645751953
14.75,13.88,13.67934513092041
14.75,13.85,13.45959186553955
14.75,13.82,13.303407669067383
14.75,13.78,13.133918762207031
14.75,13.72,12.933178901672363
14.75,13.61,12.794937133789062
14.75,13.51,12.665284156799316
14.75,13.4,12.440110206604004
14.75,13.28,12.362724304199219
14.75,13.13,12.235387802124023
14.75,12.99,11.972787857055664
14.75,12.84,11.849563598632812
14.75,12.78,14.666682243347168
14.75,12.82,14.497408866882324
14.75,12.86,14.268081665039062
14.75,12.89,14.090088844299316
14.75,12.92,14.035628318786621
14.75,12.94,13.972857475280762
14.75,12.97,13.850844383239746
11.479999542236328,12.99,13.774443626403809
8.4399995803833,13.15,13.709820747375488
7.049999713897705,13.45,13.657609939575195
8.130000114440918,13.75,13.563902854919434
9.329999923706055,14.05,13.383612632751465
10.65999984741211,14.41,13.409602165222168
10.859999656677246,14.81,13.310975074768066
9.579999923706055,15.22,13.10152530670166
10.220000267028809,15.63,13.033726692199707
9.020000457763672,16.14,11.39657974243164
10.569999694824219,16.73,11.515054702758789
9.760000228881836,17.33,11.587268829345703
8.770000457763672,17.93,11.82579231262207
9.109999656677246,18.5,12.160911560058594
10.069999694824219,19.02,12.430877685546875
13.419999122619629,19.55,12.570199012756348
15.350000381469727,20.08,12.823680877685547
16.6200008392334,20.57,13.13658618927002
19.020000457763672,21.01,13.333051681518555
19.350000381469727,21.46,13.416265487670898
19.149999618530273,21.91,13.52729606628418
22.73000144958496,22.26,13.781983375549316
22.110000610351562,22.52,13.941595077514648
19.809999465942383,22.78,13.845787048339844
18.399999618530273,23.04,13.94169807434082
17.850000381469727,23.25,18.62776756286621
17.979999542236328,23.42,18.465206146240234
17.520000457763672,23.58,18.24611473083496
18.25,23.74,18.121070861816406
14.09999942779541,23.69,18.135276794433594
12.329999923706055,23.43,18.05263328552246
15.3100004196167,23.17,17.958295822143555
15.89000129699707,22.9,17.897903442382812
15.179999351501465,22.62,17.931623458862305
15.299999237060547,22.32,17.809362411499023
16.3799991607666,22.02,17.770362854003906
14.029999732971191,21.72,17.516849517822266
14.620000839233398,21.39,17.508153915405273
14.229998588562012,21.05,17.539052963256836
13.4399995803833,20.7,17.234657287597656
16.25,20.35,17.071609497070312
15.84000015258789,19.89,16.754182815551758
15.920000076293945,19.47,16.584148406982422
16.670000076293945,19.05,16.342618942260742
11.079999923706055,18.63,16.18295669555664
10.359999656677246,18.16,16.09635353088379
11.1899995803833,17.64,15.95736312866211
9.970000267028809,17.12,15.876598358154297
10.770000457763672,16.6,15.755829811096191
13.74000072479248,16.16,15.672281265258789
14.569999694824219,15.8,15.56254768371582
12.640000343322754,15.45,15.498855590820312
10.729999542236328,15.09,15.249831199645996
14.680000305175781,14.85,15.213827133178711
13.569999694824219,14.72,15.184250831604004
18.889999389648438,14.59,14.895309448242188
17.049999237060547,14.47,14.74515151977539
15.960000038146973,14.31,15.64516830444336
14.0,14.11,15.453347206115723
15.079999923706055,13.92,15.162144660949707
15.810001373291016,13.73,14.923140525817871
14.90999984741211,13.63,14.765769004821777
17.829999923706055,13.63,14.568684577941895
18.260000228881836,13.63,14.421987533569336
19.15999984741211,13.63,14.256440162658691
18.170000076293945,13.67,14.107087135314941
21.219999313354492,13.76,13.95641803741455
19.1200008392334,13.84,13.851043701171875
17.969999313354492,13.93,13.5908203125
17.899999618530273,14.11,13.526219367980957
18.3799991607666,14.38,13.448596000671387
18.989999771118164,14.66,13.160542488098145
19.809999465942383,14.94,13.019896507263184
22.0,15.33,20.282686233520508
22.200000762939453,15.83,20.22590446472168
26.51999855041504,16.34,20.08926010131836
22.530000686645508,16.84,20.084857940673828
23.770000457763672,17.4,20.18172836303711
20.450000762939453,17.99,20.140918731689453
22.139999389648438,18.59,20.18377685546875
20.440000534057617,19.19,20.239070892333984
23.569997787475586,19.65,20.32040786743164
23.409997940063477,19.98,20.27663803100586
25.020000457763672,20.3,20.276920318603516
25.160001754760742,20.63,20.07634925842285
24.700000762939453,20.97,20.167322158813477
20.81999969482422,21.32,20.254817962646484
18.100000381469727,21.68,19.977481842041016
18.31999969482422,22.03,19.843486785888672
18.65999984741211,22.27,19.906572341918945
21.760000228881836,22.42,19.946836471557617
19.149999618530273,22.56,19.893871307373047
21.239999771118164,22.7,19.952680587768555
19.690000534057617,22.76,20.110191345214844
21.520000457763672,22.74,20.085124969482422
23.440000534057617,22.72,20.268985748291016
21.309999465942383,22.69,20.402755737304688
22.969999313354492,22.68,20.50092887878418
19.260000228881836,22.66,20.5217227935791
19.489999771118164,22.65,20.581727981567383
21.610000610351562,22.64,20.481475830078125
23.720001220703125,22.65,20.594364166259766
24.420000076293945,22.68,20.69763946533203
25.329998016357422,22.72,20.45565414428711
24.37999725341797,22.75,20.394367218017578
20.6299991607666,22.86,24.21646499633789
26.830001831054688,23.06,24.096864700317383
26.119998931884766,23.25,23.933290481567383
28.260000228881836,23.44,23.863632202148438
29.78999900817871,23.6,23.952003479003906
28.850000381469727,23.72,23.8363037109375
32.68000030517578,23.84,23.8945255279541
32.36000061035156,23.97,23.895383834838867
32.9900016784668,24.13,23.977954864501953
34.130001068115234,24.34,23.852869033813477
34.81999969482422,24.54,23.8697509765625
37.779998779296875,24.75,23.599517822265625
34.68000030517578,24.87,23.588844299316406
34.7400016784668,24.9,23.663537979125977
34.900001525878906,24.93,23.306596755981445
34.220001220703125,24.96,23.086057662963867
30.299997329711914,25.02,32.05792236328125
28.889999389648438,25.11,31.56068992614746
31.729997634887695,25.21,31.01068115234375
31.829999923706055,25.3,30.421772003173828
29.219999313354492,25.29,30.02698516845703
34.310001373291016,25.16,29.433544158935547
30.09000015258789,25.04,29.20537567138672
30.549999237060547,24.92,28.764381408691406
28.649999618530273,24.55,28.41046905517578
26.530000686645508,23.93,27.87161636352539
26.21999740600586,23.31,27.689434051513672
29.400001525878906,22.69,26.967374801635742
33.0,22.06,26.543916702270508
35.79999923706055,21.42,26.38245391845703
29.059999465942383,20.77,25.776899337768555
16.479999542236328,20.13,25.220569610595703
17.40999984741211,18.55,17.772111892700195
17.690000534057617,17.87,17.662174224853516
17.010000228881836,17.19,17.423255920410156
19.530000686645508,16.52,17.14252471923828
19.520000457763672,15.87,16.990154266357422
13.90999984741211,15.26,16.7225399017334
20.979999542236328,14.65,16.69205093383789
17.81999969482422,14.05,16.55573272705078
17.920000076293945,13.52,16.376371383666992
13.5600004196167,13.08,16.166685104370117
11.529999732971191,12.65,16.131053924560547
14.10999870300293,12.21,15.906810760498047
17.309999465942383,11.75,15.765751838684082
14.609999656677246,11.28,15.726953506469727
16.149999618530273,10.81,15.398751258850098
20.100000381469727,10.33,15.24505615234375
12.359999656677246,9.9,18.975481033325195
12.419999122619629,9.52,18.64423370361328
15.289999961853027,9.14,18.23057746887207
14.390000343322754,8.75,17.851652145385742
11.470000267028809,8.42,17.574594497680664
11.720000267028809,8.14,17.20801544189453
10.960000038146973,7.86,16.97972297668457
14.520000457763672,7.58,16.674327850341797
12.289999961853027,7.32,16.414493560791016
8.430000305175781,7.08,16.13352394104004
7.029999732971191,6.85,15.969903945922852
5.03000020980835,6.61,15.564946174621582
4.019999980926514,6.45,15.352153778076172
6.460000038146973,6.36,15.212852478027344
6.440000057220459,6.27,14.821064949035645
7.380000114440918,6.18,14.533232688903809
4.349999904632568,6.09,8.112013816833496
4.880000114440918,6.0,8.094879150390625
4.820000171661377,5.91,7.984205722808838
3.9200000762939453,5.82,7.957120895385742
3.059999942779541,5.75,7.996434688568115
4.340000152587891,5.71,7.980475902557373
6.0,5.66,7.946854114532471
4.869999885559082,5.61,7.961854934692383
4.559999942779541,5.58,7.965960502624512
4.119999885559082,5.56,8.004145622253418
4.03000020980835,5.54,7.982104778289795
2.5899999141693115,5.53,8.014189720153809
3.130000114440918,5.47,8.093779563903809
3.0999999046325684,5.37,8.084318161010742
3.1600000858306885,5.27,7.961503982543945
3.359999895095825,5.17,7.9986982345581055
4.440000057220459,5.08,4.719484806060791
5.369999885559082,5.01,4.751210689544678
4.889999866485596,4.94,4.682620048522949
4.389999866485596,4.87,4.665710926055908
3.450000047683716,4.79,4.7216949462890625
4.909999847412109,4.69,4.744597911834717
5.679999351501465,4.6,4.730104923248291
6.2099995613098145,4.5,4.767315864562988
4.809999942779541,4.44,4.7851176261901855
4.710000038146973,4.41,4.868624210357666
5.269999980926514,4.39,4.869946479797363
4.429999828338623,4.36,5.007055759429932
4.510000228881836,4.37,5.053674697875977
4.949999809265137,4.41,5.04050874710083
5.28000020980835,4.44,4.982029914855957
6.380000114440918,4.48,5.075741291046143
6.940000057220459,4.48,6.462062835693359
8.5,4.44,6.307661533355713
8.529999732971191,4.41,6.114086151123047
8.670000076293945,4.37,5.941534042358398
8.880000114440918,4.28,5.882622241973877
8.890000343322754,4.12,5.79620885848999
9.720000267028809,3.96,5.642077922821045
9.5,3.8,5.510659217834473
10.25,3.63,5.452212810516357
11.550000190734863,3.44,5.434321880340576
11.850001335144043,3.26,5.362074375152588
12.319999694824219,3.07,5.359468460083008
12.339999198913574,2.99,5.289727687835693
11.1899995803833,3.02,5.197399139404297
9.970000267028809,3.05,5.066404342651367
11.920000076293945,3.08,5.058447360992432
10.630000114440918,3.26,13.474534034729004
10.5,3.59,13.719541549682617
11.989999771118164,3.91,13.954689025878906
12.800000190734863,4.24,14.49073314666748
12.989999771118164,4.77,15.125685691833496
13.039999961853027,5.51,15.569299697875977
17.34000015258789,6.24,15.889432907104492
15.640000343322754,6.98,16.33879280090332
16.0,7.88,16.953758239746094
15.869999885559082,8.97,17.281982421875
14.660000801086426,10.05,17.514768600463867
16.170000076293945,11.13,17.755271911621094
19.829999923706055,12.05,18.163236618041992
26.03000259399414,12.82,18.52771759033203
25.350000381469727,13.58,18.491798400878906
25.68000030517578,14.34,18.637727737426758
27.700002670288086,23.77,25.847572326660156
24.420000076293945,24.07,25.935068130493164
22.34000015258789,24.37,25.86740493774414
25.18000030517578,24.67,26.12836456298828
27.690000534057617,24.92,26.51732063293457
24.910001754760742,25.12,26.603757858276367
25.80999755859375,25.31,26.79134178161621
28.639999389648438,25.51,27.001140594482422
30.299997329711914,25.77,27.28215789794922
35.470001220703125,26.11,27.279415130615234
33.41999816894531,26.44,27.375272750854492
32.38999938964844,26.77,27.097681045532227
33.02000045776367,27.13,27.2443790435791
35.939998626708984,27.51,27.4939022064209
36.84000015258789,27.9,27.231107711791992
39.88999938964844,28.28,27.064668655395508
38.91999816894531,28.63,37.681949615478516
32.43000030517578,28.95,37.41561508178711
30.540000915527344,29.27,37.1023063659668
37.15999984741211,29.6,36.934043884277344
39.18000030517578,29.9,36.95220184326172
39.09000015258789,30.19,36.61486053466797
41.16999816894531,30.48,36.73133087158203
36.41999816894531,30.77,36.657283782958984
39.13999938964844,31.13,36.61488723754883
36.380001068115234,31.55,36.343666076660156
37.61000061035156,31.98,36.3160400390625
37.380001068115234,32.4,35.68272399902344
39.81999969482422,32.85,35.57757568359375
39.38999938964844,33.34,35.60798263549805
40.11000061035156,33.82,35.11363220214844
40.34000015258789,34.3,34.658565521240234
42.08000183105469,34.69,38.63804244995117
40.97999954223633,34.99,38.53749465942383
41.59000015258789,35.3,38.2489013671875
41.369998931884766,35.6,38.046932220458984
38.54999923706055,35.91,38.03302764892578
40.79999923706055,36.23,37.632328033447266
41.279998779296875,36.54,37.79361343383789
38.79999923706055,36.86,37.7203369140625
39.36000061035156,37.08,37.59446716308594
38.349998474121094,37.19,37.214088439941406
36.380001068115234,37.31,37.253326416015625
35.16999816894531,37.42,36.54261016845703
28.719999313354492,37.53,36.377410888671875
27.48999786376953,37.63,36.456485748291016
33.91999816894531,37.73,36.05976867675781
31.18000030517578,37.83,35.60242462158203
29.530000686645508,37.85,31.415760040283203
32.369998931884766,37.78,31.720840454101562
37.290000915527344,37.71,31.72490692138672
38.119998931884766,37.64,31.937122344970703
38.189998626708984,37.6,32.42485809326172
39.84000015258789,37.56,32.55037307739258
38.5,37.53,32.94952392578125
39.130001068115234,37.5,33.07391357421875
37.220001220703125,37.48,33.39609909057617
37.06999969482422,37.47,33.18706512451172
38.790000915527344,37.46,33.4691276550293
37.130001068115234,37.45,33.201107025146484
39.2400016784668,37.48,33.162044525146484
40.04999923706055,37.55,33.553749084472656
39.279998779296875,37.62,33.566627502441406
38.38999938964844,37.69,33.482391357421875
38.16999816894531,37.78,37.51898193359375
39.7400016784668,37.89,37.511844635009766
42.400001525878906,38.01,37.303070068359375
40.400001525878906,38.13,37.21883010864258
44.0099983215332,38.25,37.41888427734375
43.560001373291016,38.36,37.24645233154297
43.400001525878906,38.48,37.4527587890625
42.75,38.6,37.40279006958008
42.33000183105469,38.68,37.474365234375
42.470001220703125,38.72,37.11177062988281
42.150001525878906,38.75,37.22690963745117
42.689998626708984,38.79,36.6284294128418
42.150001525878906,38.79,36.45989227294922
41.709999084472656,38.75,36.6475944519043
40.529998779296875,38.71,36.40980529785156
41.040000915527344,38.68,36.0588493347168
40.4900016784668,38.61,39.26084518432617
41.79999923706055,38.52,39.199607849121094
41.619998931884766,38.42,38.79099655151367
41.95000076293945,38.33,38.35770034790039
42.63999938964844,38.14,37.883304595947266
40.560001373291016,37.85,37.27286911010742
39.0,37.57,37.304481506347656
40.720001220703125,37.28,37.23176193237305
39.27000045776367,37.01,36.67496871948242
39.9900016784668,36.76,36.15837860107422
38.72999954223633,36.5,36.1161994934082
39.119998931884766,36.25,35.1351203918457
40.63999938964844,36.01,34.934959411621094
41.61000061035156,35.78,34.85485076904297
38.650001525878906,35.55,34.58304977416992
41.59000015258789,35.32,34.1369514465332
40.220001220703125,34.82,38.86450958251953
38.95000076293945,34.77,38.73928451538086
41.900001525878906,34.73,38.19768142700195
40.720001220703125,34.68,37.65956497192383
40.27000045776367,34.57,37.17118835449219
40.150001525878906,34.39,36.49910354614258
38.11000061035156,34.21,36.421356201171875
35.65999984741211,34.03,36.19171142578125
35.540000915527344,33.84,35.62746810913086
32.77000045776367,33.63,34.97377014160156
34.27000045776367,33.43,34.89462661743164
34.31999969482422,33.22,33.87211990356445
34.40999984741211,33.03,33.665443420410156
27.889997482299805,32.85,33.56399917602539
29.760000228881836,32.67,33.29861068725586
33.119998931884766,32.49,32.94495391845703
32.2400016784668,32.31,32.261863708496094
32.40999984741211,32.15,32.10562515258789
32.630001068115234,31.98,31.75351905822754
26.969999313354492,31.81,31.476909637451172
29.709999084472656,31.59,31.43425750732422
30.389999389648438,31.33,31.12740135192871
29.32000160217285,31.07,31.160507202148438
29.400001525878906,30.81,30.961620330810547
29.020000457763672,30.56,30.84930419921875
29.200000762939453,30.32,30.470600128173828
29.520000457763672,30.08,30.45762062072754
32.470001220703125,29.83,29.963781356811523
31.770000457763672,29.61,29.69145965576172
25.18000030517578,29.41,29.73223304748535
28.8700008392334,29.22,29.429346084594727
30.51999855041504,29.02,29.091310501098633
29.209999084472656,28.69,29.120643615722656
30.239999771118164,28.22,28.745100021362305
31.18000030517578,27.75,28.251131057739258
30.469999313354492,27.29,27.816482543945312
31.62000274658203,26.96,27.583024978637695
30.479999542236328,26.78,27.150346755981445
32.810001373291016,26.6,27.0125732421875
26.65999984741211,26.42,26.715774536132812
22.309999465942383,26.26,26.453222274780273
20.239999771118164,26.13,26.095966339111328
24.06999969482422,26.0,25.922998428344727
21.209999084472656,25.88,25.463714599609375
25.860000610351562,25.68,25.159305572509766
20.010000228881836,25.41,25.01915168762207
18.540000915527344,25.14,24.557579040527344
18.610000610351562,24.87,24.17517852783203
18.59000015258789,24.59,20.017061233520508
19.219999313354492,24.3,20.034250259399414
17.950000762939453,24.01,19.972326278686523
18.989999771118164,23.72,20.003498077392578
17.860000610351562,23.45,20.145774841308594
17.90999984741211,23.18,20.121517181396484
18.239999771118164,22.92,20.302753448486328
20.700000762939453,22.65,20.421092987060547
16.940000534057617,22.52,20.501386642456055
20.389999389648438,22.53,20.531911849975586
21.09000015258789,22.53,20.58843994140625
23.760000228881836,22.54,20.490358352661133
23.260000228881836,22.54,20.596899032592773
24.910001754760742,22.54,20.670814514160156
22.309999465942383,22.54,20.431859970092773
29.43000030517578,22.54,20.37088394165039
34.11000061035156,22.6,28.175413131713867
31.139999389648438,22.74,27.819292068481445
33.18000030517578,22.87,27.456026077270508
32.540000915527344,23.01,27.17964744567871
30.479999542236328,23.11,27.065780639648438
29.260000228881836,23.19,26.793481826782227
31.64000129699707,23.27,26.65704345703125
30.81999969482422,23.35,26.428903579711914
29.93000030517578,23.37,26.33608627319336
30.8799991607666,23.32,26.059850692749023
27.62000274658203,23.28,25.946575164794922
30.290000915527344,23.24,25.395124435424805
30.40999984741211,23.19,25.246578216552734
28.559999465942383,23.12,25.201780319213867
26.549999237060547,23.05,24.742395401000977
26.489999771118164,22.99,24.348594665527344
24.420000076293945,22.86,25.86005401611328
25.569997787475586,22.66,25.45921516418457
22.8700008392334,22.47,24.999755859375
23.729997634887695,22.28,24.489778518676758
22.190000534057617,22.05,24.137168884277344
22.25,21.78,23.633451461791992
22.8799991607666,21.51,23.444059371948242
20.93000030517578,21.24,23.067855834960938
22.06999969482422,20.8,22.73807716369629
21.950000762939453,20.18,22.32056427001953
23.950002670288086,19.56,22.17027473449707
25.80000114440918,18.95,21.629283905029297
22.639999389648438,18.4,21.284290313720703
20.100000381469727,17.91,21.127960205078125
18.110000610351562,17.43,20.609603881835938
18.360000610351562,16.95,20.185529708862305
16.309999465942383,18.06,18.437162399291992
10.0600004196167,17.51,18.109289169311523
10.920000076293945,16.96,17.71762466430664
12.229998588562012,16.41,17.278059005737305
12.500000953674316,15.84,16.949764251708984
15.069999694824219,15.25,16.581632614135742
15.229998588562012,14.65,16.369760513305664
19.719999313354492,14.05,16.03823471069336
17.219999313354492,13.49,15.721108436584473
14.09000015258789,12.94,15.434651374816895
12.649999618530273,12.4,15.290458679199219
13.760000228881836,11.86,14.902996063232422
16.729999542236328,11.4,14.667679786682129
13.459999084472656,11.04,14.510099411010742
12.079999923706055,10.67,14.115632057189941
12.930000305175781,10.3,13.839679718017578
14.069999694824219,9.93,12.285910606384277
10.0600004196167,9.55,12.073050498962402
9.970000267028809,9.18,11.754743576049805
12.489999771118164,8.8,11.440723419189453
10.960000038146973,8.48,11.227919578552246
7.0,8.22,10.973525047302246
8.170000076293945,7.96,10.766343116760254
7.440000057220459,7.7,10.54946231842041
6.470000267028809,7.39,10.323399543762207
4.630000114440918,7.03,10.148908615112305
4.909999847412109,6.66,10.011046409606934
4.329999923706055,6.3,9.799638748168945
5.039999961853027,6.04,9.677875518798828
6.770000457763672,5.89,9.543340682983398
6.589999675750732,5.74,9.262872695922852
4.96999979019165,5.58,9.133830070495605
3.1500000953674316,5.43,5.884565830230713
2.9800000190734863,5.28,5.957504749298096
1.4199999570846558,5.13,5.794549465179443
1.1799999475479126,4.98,5.903103828430176
0.559999942779541,4.91,5.943332195281982
0.8999999761581421,4.93,5.977031707763672
2.930000066757202,4.94,5.928650379180908
3.7899999618530273,4.96,5.899625301361084
3.950000047683716,4.99,5.892271518707275
4.199999809265137,5.06,5.903635025024414
2.619999885559082,5.12,5.961421012878418
3.359999895095825,5.18,5.9796905517578125
2.640000104904175,5.21,6.155792713165283
3.8499999046325684,5.22,6.186033725738525
4.619999885559082,5.23,6.113072395324707
4.610000133514404,5.24,6.160696029663086
5.170000076293945,5.27,5.737149715423584
4.489999771118164,5.33,5.830950736999512
3.390000104904175,5.39,5.826252460479736
3.440000057220459,5.45,5.9149556159973145
2.8299999237060547,5.52,6.067310333251953
2.7300000190734863,5.61,6.175674915313721
1.8700000047683716,5.69,6.23319673538208
2.0199999809265137,5.78,6.360719680786133
1.3200000524520874,5.91,6.466265678405762
1.5,6.1,6.604000568389893
0.7899999618530273,6.28,6.648655891418457
0.559999942779541,6.46,6.818418025970459
0.7200000286102295,6.63,6.9406843185424805
0.8199999332427979,6.79,6.992918491363525
0.5499999523162842,6.95,6.94862699508667
0.7300000190734863,7.11,7.063920974731445
0.6799999475479126,7.29,1.5171369314193726
0.8199999332427979,7.49,1.7390214204788208
1.0399999618530273,7.69,1.9186525344848633
1.0199999809265137,7.89,2.1968069076538086
1.4500000476837158,8.05,2.5627245903015137
1.590000033378601,8.15,2.882784128189087
2.180000066757202,8.25,3.056428909301758
1.3700000047683716,8.36,3.3662478923797607
1.3700000047683716,8.38,3.6882386207580566
1.590000033378601,8.34,4.015831470489502
1.2699999809265137,8.29,4.1636643409729
1.2100000381469727,8.24,4.569123268127441
1.6799999475479126,8.24,4.853732109069824
1.559999942779541,8.28,5.011334419250488
1.2300000190734863,8.32,5.084758281707764
1.100000023841858,8.36,5.3423967361450195
1.159999966621399,8.55,1.8883596658706665
1.5299999713897705,8.87,2.366072654724121
1.3200000524520874,9.2,2.8602683544158936
0.559999942779541,9.53,3.6003334522247314
0.7300000190734863,10.03,4.3834919929504395
0.6999999284744263,10.71,5.063458442687988
0.9599998593330383,11.4,5.52650785446167
1.0800000429153442,12.08,6.207000732421875
2.5999999046325684,12.75,6.958634376525879
3.4600000381469727,13.42,7.560365200042725
4.010000228881836,14.08,7.919623851776123
3.819999933242798,14.74,8.582083702087402
3.0899999141693115,15.41,9.215238571166992
1.940000057220459,16.07,9.637795448303223
2.0299999713897705,16.74,9.82558536529541
2.5299999713897705,17.41,10.253962516784668
4.079999923706055,16.01,3.6458420753479004
3.5199999809265137,16.35,4.102888584136963
5.630000114440918,16.69,4.471591472625732
6.390000343322754,17.03,5.112718105316162
6.7099995613098145,17.3,5.793187141418457
9.729999542236328,17.48,6.331206321716309
12.319999694824219,17.66,6.739636421203613
13.010000228881836,17.85,7.333794593811035
13.459999084472656,17.94,7.927424907684326
14.399999618530273,17.95,8.422223091125488
12.189998626708984,17.95,8.723793029785156
14.210000038146973,17.96,9.27083683013916
14.199999809265137,18.0,9.794076919555664
15.069999694824219,18.08,10.175666809082031
18.450000762939453,18.16,10.313454627990723
19.670000076293945,18.24,10.674528121948242
21.270000457763672,18.33,19.869792938232422
23.760000228881836,18.42,19.794605255126953
22.82000160217285,18.52,19.612911224365234
23.96999740600586,18.62,19.63062858581543
19.979999542236328,18.76,19.739391326904297
19.100000381469727,18.95,19.668067932128906
18.059999465942383,19.13,19.685880661010742
20.809999465942383,19.32,19.697147369384766
20.110000610351562,19.54,19.777372360229492
19.799999237060547,19.8,19.70926284790039
20.399999618530273,20.06,19.71904945373535
19.1299991607666,20.33,19.487157821655273
18.649999618530273,20.53,19.526811599731445
17.030000686645508,20.69,19.627410888671875
17.440000534057617,20.84,19.353092193603516
17.299999237060547,21.0,19.20240592956543
14.89000129699707,21.18,17.91206932067871
16.139999389648438,21.4,17.855682373046875
16.020000457763672,21.61,17.704444885253906
16.59000015258789,21.83,17.651704788208008
14.620000839233398,21.96,17.69361686706543
13.529999732971191,22.02,17.609556198120117
13.179999351501465,22.08,17.628524780273438
13.459999084472656,22.14,17.635059356689453
16.0,22.18,17.657636642456055
19.06999969482422,22.19,17.583913803100586
21.760000228881836,22.21,17.597917556762695
22.06999969482422,22.22,17.43082618713379
18.43000030517578,22.29,17.46548843383789
16.079999923706055,22.4,17.534372329711914
17.25,22.51,17.2556095123291
14.680000305175781,22.63,17.12645149230957
14.510000228881836,22.65,15.701539993286133
14.540000915527344,22.57,15.824789047241211
12.75,22.49,15.826399803161621
10.390000343322754,22.41,16.015302658081055
8.970000267028809,22.28,16.268564224243164
8.170000076293945,22.09,16.410078048706055
8.199999809265137,21.89,16.56655502319336
8.880000114440918,21.7,16.770233154296875
11.010000228881836,21.55,16.972524642944336
11.59000015258789,21.44,17.069690704345703
13.4399995803833,21.32,17.1622371673584
13.189998626708984,21.21,17.1248722076416
12.829999923706055,21.11,17.33112335205078
9.829999923706055,21.02,17.503948211669922
10.0600004196167,20.93,17.344402313232422
11.479999542236328,20.85,17.370302200317383
15.630000114440918,20.76,12.32848072052002
11.270000457763672,20.67,12.491190910339355
12.279999732971191,20.58,12.593721389770508
13.059999465942383,20.49,12.899528503417969
14.529999732971191,20.49,13.2977933883667
16.06999969482422,20.56,13.561813354492188
16.5,20.64,13.756071090698242
14.459999084472656,20.72,14.054207801818848
14.800000190734863,20.81,14.419244766235352
17.420000076293945,20.93,14.632040023803711
19.520000457763672,21.04,14.774785041809082
22.68000030517578,21.16,14.909770011901855
21.989999771118164,21.26,15.204821586608887
21.450000762939453,21.34,15.428119659423828
19.479999542236328,21.42,15.33514404296875
18.780000686645508,21.51,15.436803817749023
17.459999084472656,21.59,19.017982482910156
21.139999389648438,21.68,18.919498443603516
20.56999969482422,21.78,18.737442016601562
19.760000228881836,21.87,18.70839500427246
21.93000030517578,21.92,18.812219619750977
17.459999084472656,21.95,18.76254653930664
12.949999809265137,21.97,18.740575790405273
14.720000267028809,21.99,18.724666595458984
13.09000015258789,21.94,18.827016830444336
13.74000072479248,21.8,18.733821868896484
13.319999694824219,21.66,18.72842788696289
13.189998626708984,21.52,18.503202438354492
11.89000129699707,21.3,18.509653091430664
14.580000877380371,20.99,18.59705352783203
17.440000534057617,20.68,18.320974349975586
17.270000457763672,20.38,18.176502227783203
17.200000762939453,16.59,16.172765731811523
14.920000076293945,16.21,15.81168270111084
13.069999694824219,15.84,15.335409164428711
11.050000190734863,15.46,14.904537200927734
9.149999618530273,15.03,14.574926376342773
10.5600004196167,14.56,14.152938842773438
10.859999656677246,14.09,13.862664222717285
10.3100004196167,13.62,13.465248107910156
9.140000343322754,13.18,13.134437561035156
10.430000305175781,12.77,12.818079948425293
10.84000015258789,12.35,12.631699562072754
9.680000305175781,11.94,12.219672203063965
7.029999732971191,11.51,11.916962623596191
8.289999961853027,11.06,11.738153457641602
11.700000762939453,10.6,11.385515213012695
10.0,10.15,11.114214897155762
7.410000324249268,9.77,9.605389595031738
6.990000247955322,9.47,9.50415325164795
6.649999618530273,9.17,9.272212028503418
8.100000381469727,8.87,9.134561538696289
6.440000057220459,8.64,9.087308883666992
8.329999923706055,8.48,8.931089401245117
8.899999618530273,8.32,8.815058708190918
12.379999160766602,8.17,8.700750350952148
10.84000015258789,8.1,8.6140718460083
10.109999656677246,8.14,8.541877746582031
9.970000267028809,8.17,8.48381519317627
13.15999984741211,8.2,8.412003517150879
15.25,8.28,8.349563598632812
11.980000495910645,8.42,8.315638542175293
9.460000038146973,8.56,8.145841598510742
8.40999984741211,8.7,8.105277061462402
9.5600004196167,8.88,9.246691703796387
10.859999656677246,9.08,9.221043586730957
12.90000057220459,9.28,9.045164108276367
14.09999942779541,9.49,8.976949691772461
13.479999542236328,9.75,8.994915962219238
15.949999809265137,10.07,8.898409843444824
15.0,10.4,8.841459274291992
15.729999542236328,10.72,8.806233406066895
15.620000839233398,11.05,8.769611358642578
16.270000457763672,11.39,8.742111206054688
15.930000305175781,11.74,8.707091331481934
16.860000610351562,12.08,8.686853408813477
17.979999542236328,12.35,8.684795379638672
20.239999771118164,12.56,8.698673248291016
15.760000228881836,12.77,8.561030387878418
13.960000038146973,12.98,8.563925743103027
15.270000457763672,13.14,14.31808853149414
14.390000343322754,13.24,14.13858699798584
12.720000267028809,13.33,13.83462905883789
13.960000038146973,13.43,13.608572006225586
14.569999694824219,13.38,13.485074996948242
15.90000057220459,13.17,13.284363746643066
16.25,12.96,13.139240264892578
17.31999969482422,12.75,12.953432083129883
18.719999313354492,12.46,12.806467056274414
18.489999771118164,12.09,12.642690658569336
17.479999542236328,11.72,12.54304027557373
17.049999237060547,11.35,12.29712963104248
13.5600004196167,10.98,12.1624174118042
14.860000610351562,10.61,12.094983100891113
11.459999084472656,10.23,11.841495513916016
13.74000072479248,9.86,11.702876091003418
14.600000381469727,9.48,12.228593826293945
15.470000267028809,9.08,11.684081077575684
11.6899995803833,8.69,11.048089981079102
11.510000228881836,8.29,10.400074005126953
9.15999984741211,7.9,9.855423927307129
10.65999984741211,7.51,9.289007186889648
10.079999923706055,7.12,8.764082908630371
9.279999732971191,6.73,8.200222969055176
8.479999542236328,6.36,7.710418224334717
8.15999984741211,6.01,7.310841083526611
6.28000020980835,5.65,7.069360256195068
5.650000095367432,5.3,6.614243984222412
5.170000076293945,4.97,6.199426174163818
3.049999952316284,4.68,5.892511367797852
2.759999990463257,4.38,5.525708198547363
2.069999933242798,4.09,5.245892524719238
1.809999942779541,3.85,2.6635122299194336
0.7300000190734863,3.66,2.4424448013305664
0.8500000238418579,3.48,2.1664819717407227
0.9800000190734863,3.29,1.8562778234481812
0.9599998593330383,3.14,1.5938584804534912
0.7899999618530273,3.02,1.3628836870193481
0.4699999988079071,2.9,1.1240724325180054
0.21000000834465027,2.78,0.8575637340545654
-0.10000000149011612,2.69,0.601657509803772
-0.10999999940395355,2.62,0.5576078295707703
-0.11999999731779099,2.56,0.4586995840072632
-0.09000000357627869,2.49,0.4383848011493683
-0.10999999940395355,2.43,0.3108653724193573
-0.11999999731779099,2.37,0.1394536793231964
-0.09000000357627869,2.31,0.04689435660839081
-0.10999999940395355,2.25,0.056050051003694534
-0.10000000149011612,0.14,0.8959773182868958
-0.12999999523162842,0.13,0.8914703130722046
-0.10000000149011612,0.12,0.8763180375099182
-0.10000000149011612,0.11,0.7506630420684814
-0.11999999731779099,0.1,0.8543916940689087
-0.10000000149011612,0.1,0.7064716815948486
-0.10999999940395355,0.1,0.7016798257827759
-0.10000000149011612,0.1,0.5903328061103821
0.22999998927116394,0.1,0.5139397382736206
0.4699999988079071,0.1,0.6288615465164185
0.9700000286102295,0.11,0.6587367653846741
0.44999998807907104,0.11,0.824036717414856
0.2800000011920929,0.13,0.9246389269828796
0.7799999713897705,0.15,0.87120121717453
0.6200000643730164,0.16,1.0037577152252197
1.6699999570846558,0.18,1.0666135549545288
4.199999809265137,0.21,0.7441451549530029
1.25,0.23,0.5490326881408691
-0.10000000149011612,0.25,0.5834387540817261
0.030000001192092896,0.27,0.7835304737091064
0.010000007227063179,0.31,0.5426333546638489
0.010000007227063179,0.35,1.1779340505599976
0.33000001311302185,0.39,1.3682997226715088
0.9099999666213989,0.44,1.5770305395126343
2.0199999809265137,0.46,1.485374093055725
0.8700000047683716,0.46,1.9220774173736572
1.0399999618530273,0.46,1.9027105569839478
1.0299999713897705,0.45,1.9439820051193237
1.2799999713897705,0.44,2.3763322830200195
1.1200000047683716,0.42,2.1599810123443604
0.8899999856948853,0.4,2.490748643875122
1.0199999809265137,0.37,2.779693365097046
0.9900000095367432,0.37,1.5562360286712646
0.5100000500679016,0.39,1.4674136638641357
0.22999998927116394,0.41,1.2708892822265625
0.15000000596046448,0.42,1.1437385082244873
-0.11999999731779099,0.46,1.1706174612045288
-0.10999999940395355,0.52,1.0912880897521973
-0.11999999731779099,0.57,1.0158878564834595
-0.11999999731779099,0.63,0.8130275011062622
-0.10000000149011612,0.65,0.6033638119697571
-0.10999999940395355,0.64,0.6837943196296692
-0.07999999821186066,0.64,0.6257160305976868
-0.07999999821186066,0.63,0.727372407913208
-0.07999999821186066,0.59,0.791998565196991
-0.14000000059604645,0.52,0.663401186466217
-0.10000000149011612,0.45,0.6864826083183289
-0.10999999940395355,0.38,0.6898413300514221
-0.03999998793005943,0.32,0.0052324035204946995
-0.030000001192092896,0.27,-0.1886412650346756
-0.10000000149011612,0.23,-0.47366097569465637
-0.09000000357627869,0.18,-0.19669850170612335
-0.15000000596046448,0.15,-0.07009151577949524
-0.019999993965029716,0.15,-0.15421201288700104
-0.10999999940395355,0.15,-0.3084210157394409
-0.10000000149011612,0.14,-0.3057388961315155
-0.04999999701976776,0.16,-0.1179497092962265
0.25,0.2,0.0859389379620552
0.8600000143051147,0.24,0.36725303530693054
0.22999998927116394,0.28,0.46222665905952454
-0.07000000029802322,0.34,0.9235765933990479
-0.10000000149011612,0.43,1.198513150215149
-0.07000000029802322,0.51,1.2994186878204346
-0.12999999523162842,0.59,1.4214444160461426
-0.11999999731779099,0.68,0.3118146061897278
-0.10999999940395355,0.78,0.37806937098503113
-0.09000000357627869,0.88,0.4400542974472046
-0.11999999731779099,0.97,0.4825775921344757
-0.10000000149011612,0.99,0.5772050619125366
-0.10999999940395355,0.93,0.7415379881858826
-0.11999999731779099,0.86,0.8014479875564575
-0.10999999940395355,0.8,0.8907275795936584
-0.10999999940395355,0.74,0.9852834939956665
-0.10000000149011612,0.68,1.2258855104446411
-0.10999999940395355,0.62,1.3286908864974976
-0.10000000149011612,0.56,1.6142829656600952
-0.10999999940395355,0.62,1.756823182106018
-0.10999999940395355,0.81,1.7774704694747925
-0.10999999940395355,0.99,1.8604768514633179
-0.10000000149011612,1.17,2.0590693950653076
-0.10000000149011612,1.82,11.302186965942383
-0.10999999940395355,2.93,13.506890296936035
-0.10000000149011612,4.04,15.582562446594238
-0.11999999731779099,5.15,19.0681095123291
-0.10999999940395355,7.92,22.776493072509766
-0.14000000059604645,12.35,25.492366790771484
-0.11999999731779099,16.78,27.528093338012695
0.010000007227063179,21.22,30.415067672729492
0.2800000011920929,24.46,33.63131332397461
0.09999999403953552,26.51,35.55725860595703
0.06999999284744263,28.55,37.10383224487305
39.20000076293945,30.6,38.9752311706543
35.68000030517578,32.01,41.23619842529297
40.9900016784668,32.79,43.1199836730957
40.689998626708984,33.56,43.835731506347656
42.16999816894531,34.34,45.08975601196289
41.2400016784668,40.11,38.97525405883789
40.81999969482422,40.0,38.30397033691406
42.31999969482422,39.9,37.544700622558594
41.810001373291016,39.79,37.0768928527832
42.22999954223633,39.59,36.98088836669922
42.31999969482422,39.28,36.51649475097656
42.349998474121094,38.97,36.14009475708008
42.43000030517578,38.66,35.676727294921875
42.380001068115234,38.35,35.429908752441406
41.97999954223633,38.03,34.82419967651367
40.369998931884766,37.7,34.542930603027344
39.61000061035156,37.38,33.410160064697266
40.689998626708984,37.17,32.97093963623047
39.279998779296875,37.06,32.7844123840332
37.5099983215332,36.95,32.25843048095703
37.27000045776367,36.84,31.5075740814209
36.189998626708984,36.74,37.48627853393555
35.709999084472656,36.67,37.576499938964844
36.099998474121094,36.59,37.50014877319336
33.08000183105469,36.52,37.23508071899414
33.25,36.43,37.18199920654297
35.15999984741211,36.33,36.78377914428711
34.7400016784668,36.22,37.033329010009766
35.560001373291016,36.12,37.0294189453125
35.130001068115234,35.93,36.85243225097656
37.369998931884766,35.65,36.34211730957031
36.65999984741211,35.37,36.59370803833008
35.630001068115234,35.1,35.7628173828125
34.13999938964844,34.84,35.61880111694336
34.470001220703125,34.6,35.72941589355469
33.060001373291016,34.36,35.467533111572266
33.11000061035156,34.12,35.1469612121582
28.51000213623047,33.94,32.673397064208984
27.850000381469727,33.83,32.640010833740234
29.450000762939453,33.72,32.47386169433594
27.059999465942383,33.6,32.3340950012207
33.31999969482422,33.57,32.362361907958984
37.18000030517578,33.62,32.09867858886719
32.63999938964844,33.66,32.31753158569336
33.869998931884766,33.71,32.29087448120117
36.0099983215332,33.73,32.23076629638672
33.5099983215332,33.72,31.97572135925293
35.29999923706055,33.72,32.08149719238281
31.43000030517578,33.71,31.569782257080078
30.839998245239258,33.75,31.46752166748047
31.560001373291016,33.85,31.559179306030273
33.90999984741211,33.95,31.2370662689209
33.220001220703125,34.04,30.925466537475586
30.599998474121094,34.07,33.291419982910156
28.19999885559082,34.02,33.36727523803711
32.869998931884766,33.98,33.25709915161133
30.899999618530273,33.93,33.286094665527344
29.59000015258789,33.82,33.51826858520508
33.400001525878906,33.65,33.40536880493164
31.880001068115234,33.49,33.69876480102539
32.119998931884766,33.32,33.75501251220703
33.2599983215332,33.29,33.86520767211914
29.770000457763672,33.38,33.64658737182617
29.309999465942383,33.48,33.799808502197266
27.80999755859375,33.58,33.38276672363281
24.919998168945312,33.68,33.324066162109375
26.34000015258789,33.8,33.533470153808594
25.96000099182129,33.91,33.306880950927734
24.590002059936523,34.02,33.06338119506836
26.670001983642578,34.08,26.456451416015625
27.3700008392334,34.07,26.71172332763672
26.010000228881836,34.05,26.88298797607422
30.130001068115234,34.04,27.1707763671875
29.149999618530273,34.04,27.607820510864258
31.560001373291016,34.05,27.705259323120117
29.68000030517578,34.05,28.183094024658203
32.0099983215332,34.06,28.55165672302246
33.66999816894531,34.04,28.86110496520996
35.310001373291016,33.99,28.965229034423828
33.720001220703125,33.95,29.240684509277344
34.279998779296875,33.9,29.147029876708984
33.75,33.84,29.393651962280273
32.599998474121094,33.76,29.660253524780273
34.38999938964844,33.67,29.46379280090332
34.45000076293945,33.59,29.42015266418457
32.77000045776367,33.49,33.72983932495117
33.310001373291016,33.39,33.57207107543945
34.52000045776367,33.28,33.35393524169922
34.939998626708984,33.17,33.22195816040039
35.2599983215332,33.09,33.2489013671875
32.18000030517578,33.03,32.95911407470703
30.729999542236328,32.98,33.128395080566406
31.68000030517578,32.92,33.10565185546875
31.3799991607666,32.78,33.081695556640625
28.830001831054688,32.55,32.84259796142578
29.510000228881836,32.31,32.87447738647461
30.35999870300293,32.08,32.41020584106445
27.690000534057617,31.76,32.30562210083008
28.260000228881836,31.34,32.37070846557617
27.709999084472656,30.92,31.891115188598633
27.93000030517578,30.5,31.51287269592285
27.90999984741211,28.25,26.296737670898438
28.479999542236328,27.5,25.759410858154297
26.950000762939453,26.75,25.161165237426758
24.839998245239258,25.99,24.430734634399414
25.209999084472656,25.12,23.823579788208008
26.37999725341797,24.14,23.114398956298828
28.079999923706055,23.16,22.848081588745117
23.90999984741211,22.17,22.276247024536133
20.850000381469727,21.26,21.71329116821289
21.56999969482422,20.42,21.179180145263672
20.420000076293945,19.58,20.9573917388916
20.18000030517578,18.74,20.303945541381836
21.899999618530273,17.97,19.79083824157715
26.549999237060547,17.27,19.490196228027344
23.899999618530273,16.57,18.911516189575195
25.600000381469727,15.88,18.423646926879883
21.329999923706055,15.26,23.67979621887207
25.68000030517578,14.71,23.258838653564453
24.549999237060547,14.17,22.79282569885254
21.079999923706055,13.63,22.30067253112793
21.360000610351562,13.23,21.950960159301758
20.56999969482422,12.97,21.5072021484375
20.209999084472656,12.71,21.271100997924805
16.780000686645508,12.45,20.886524200439453
19.200000762939453,12.28,20.568866729736328
17.139999389648438,12.21,20.198328018188477
17.780000686645508,12.14,20.034366607666016
14.89000129699707,12.07,19.509920120239258
16.84000015258789,12.03,19.220172882080078
19.979999542236328,12.04,19.048095703125
16.520000457763672,12.04,18.576337814331055
13.479999542236328,12.04,18.197694778442383
11.700000762939453,12.15,14.146947860717773
8.829999923706055,12.37,14.014731407165527
8.569999694824219,12.59,13.800301551818848
15.829999923706055,12.81,13.600895881652832
16.950000762939453,12.95,13.52302074432373
13.550000190734863,13.01,13.369297981262207
11.499999046325684,13.08,13.28217887878418
14.0,13.14,13.173858642578125
10.670000076293945,13.19,13.083084106445312
9.079999923706055,13.23,12.963046073913574
7.390000343322754,13.27,12.909890174865723
5.489999771118164,13.31,12.763411521911621
4.849999904632568,13.28,12.705769538879395
5.940000057220459,13.18,12.666830062866211
8.369999885559082,13.07,12.392725944519043
7.930000305175781,12.97,12.279749870300293
7.970000267028809,12.92,8.567462921142578
8.710000038146973,12.93,8.47595500946045
7.2099995613098145,12.95,8.313720703125
5.150000095367432,12.96,8.224482536315918
6.089999675750732,12.78,8.215301513671875
5.71999979019165,12.41,8.15768814086914
4.570000171661377,12.04,8.072534561157227
3.950000047683716,11.67,8.018407821655273
3.619999885559082,11.35,8.00455093383789
4.130000114440918,11.07,8.006184577941895
5.090000152587891,10.79,7.9717559814453125
5.199999809265137,10.51,7.959151744842529
4.590000152587891,10.23,7.9642534255981445
2.619999885559082,9.94,7.935359001159668
2.5899999141693115,9.65,7.786631107330322
2.75,9.37,7.786357879638672
1.9299999475479126,9.09,3.330615282058716
1.6200000047683716,8.84,3.2723052501678467
2.890000104904175,8.58,3.160228967666626
2.6700000762939453,8.32,3.0696990489959717
1.090000033378601,8.02,3.0700738430023193
1.0099999904632568,7.67,3.04274845123291
1.149999976158142,7.33,2.946052312850952
2.130000114440918,6.98,2.891477108001709
2.309999942779541,6.65,2.887502431869507
1.75,6.33,2.952305793762207
2.1500000953674316,6.0,2.935551404953003
2.0,5.68,3.054180145263672
2.0799999237060547,5.4,3.0631368160247803
1.590000033378601,5.17,3.0119874477386475
1.4700000286102295,4.94,2.95461368560791
1.9199999570846558,4.71,3.0468356609344482
1.840000033378601,4.49,2.739006519317627
0.9399999380111694,4.28,2.6242849826812744
0.6599999666213989,4.06,2.4772768020629883
0.4699999988079071,3.85,2.2955482006073
0.4000000059604645,3.66,2.1849541664123535
0.7400000095367432,3.51,2.093017578125
0.5200000405311584,3.35,1.9695016145706177
0.019999993965029716,3.2,1.832234263420105
0.019999993965029716,3.06,1.736374855041504
-0.04999999701976776,2.94,1.7734745740890503
-0.11999999731779099,2.82,1.7330453395843506
-0.10999999940395355,2.7,1.819143295288086
-0.10999999940395355,2.61,1.781191110610962
-0.10999999940395355,2.54,1.6748634576797485
-0.10999999940395355,2.48,1.624475121498108
-0.10999999940395355,2.41,1.6898010969161987
-0.11999999731779099,1.78,0.11108847707509995
-0.10999999940395355,1.73,0.0548943467438221
-0.10000000149011612,1.67,-0.043341293931007385
-0.10000000149011612,1.61,-0.2191154956817627
-0.10999999940395355,1.56,-0.3417722284793854
-0.11999999731779099,1.51,-0.38033026456832886
-0.10000000149011612,1.46,-0.46835944056510925
-0.10999999940395355,1.41,-0.5669957995414734
-0.10999999940395355,1.31,-0.6615244150161743
-0.10999999940395355,1.16,-0.565072774887085
-0.10999999940395355,1.01,-0.573097288608551
-0.10999999940395355,0.86,-0.3966321349143982
-0.10999999940395355,0.74,-0.41825389862060547
-0.10999999940395355,0.64,-0.5294510126113892
-0.10999999940395355,0.55,-0.5021719932556152
-0.10999999940395355,0.45,-0.37816399335861206
-0.10999999940395355,0.41,0.11097604036331177
-0.10999999940395355,0.42,0.11876819282770157
-0.11999999731779099,0.43,0.08305717259645462
-0.10999999940395355,0.44,0.0168214850127697
-0.07999999821186066,0.52,0.01934686489403248
-0.10999999940395355,0.68,0.09311303496360779
-0.11999999731779099,0.83,0.0779566690325737
-0.10999999940395355,0.99,0.05833761394023895
0.15000000596046448,1.14,0.03158535063266754
0.030000001192092896,1.29,0.19432243704795837
0.21000000834465027,1.45,0.2261240929365158
-0.07000000029802322,1.6,0.4556931257247925
-0.10000000149011612,1.7,0.5029441714286804
-0.10000000149011612,1.75,0.44675275683403015
-0.11999999731779099,1.8,0.4970572888851166
-0.10000000149011612,1.85,0.6386877298355103
-0.11999999731779099,1.81,0.7096573114395142
-0.10999999940395355,1.68,0.6669200658798218
-0.10999999940395355,1.55,0.5570639967918396
-0.10999999940395355,1.42,0.4825285077095032
-0.10999999940395355,1.31,0.534400999546051
-0.10999999940395355,1.24,0.4992324113845825
-0.10999999940395355,1.17,0.45934218168258667
-0.10999999940395355,1.1,0.34475085139274597
-0.11999999731779099,1.06,0.2380947768688202
-0.11999999731779099,1.04,0.3571610450744629
-0.11999999731779099,1.02,0.34303703904151917
-0.10999999940395355,1.0,0.5161890983581543
-0.11999999731779099,0.96,0.6027641296386719
-0.11999999731779099,0.9,0.5207410454750061
-0.10999999940395355,0.83,0.5616718530654907
-0.11999999731779099,0.77,0.6365882754325867
-0.11999999731779099,0.73,0.10103534162044525
-0.11999999731779099,0.72,0.06735701858997345
-0.11999999731779099,0.7,-0.03451473265886307
-0.14000000059604645,0.69,-0.09843764454126358
-0.11999999731779099,0.67,-0.0577644445002079
-0.12999999523162842,0.65,-0.05038046836853027
-0.10999999940395355,0.63,-0.0700022503733635
-0.06000000238418579,0.61,-0.175201416015625
-0.030000001192092896,0.59,-0.2938234210014343
0.10999999940395355,0.6,-0.14759737253189087
0.4300000071525574,0.6,-0.14943382143974304
0.14000001549720764,0.6,0.034589093178510666
0.3400000035762787,0.61,0.09036823362112045
1.2799999713897705,0.62,0.016939371824264526
2.359999895095825,0.64,0.07860606908798218
2.559999942779541,0.65,0.15622641146183014
2.509999990463257,0.67,2.590789318084717
4.28000020980835,0.69,2.445563554763794
4.789999961853027,0.7,2.2630527019500732
6.149999618530273,0.72,2.117678642272949
5.380000114440918,0.77,2.0925495624542236
6.099999904632568,0.85,1.9980473518371582
5.050000190734863,0.93,1.8991411924362183
5.349999904632568,1.01,1.696938395500183
3.819999933242798,1.06,1.5357147455215454
3.7200000286102295,1.08,1.6037821769714355
3.259999990463257,1.1,1.5535293817520142
1.350000023841858,1.12,1.6189814805984497
0.9700000286102295,1.11,1.6348744630813599
0.4699999988079071,1.06,1.522732138633728
-0.06000000238418579,1.0,1.5187355279922485
-0.11999999731779099,0.95,1.5235233306884766
0.1599999964237213,0.86,0.8866015076637268
0.06999999284744263,0.73,0.7929294109344482
0.09999999403953552,0.61,0.6301480531692505
0.18000000715255737,0.48,0.48869749903678894
0.019999993965029716,0.38,0.4696958363056183
-0.07999999821186066,0.31,0.3439160883426666
-0.019999993965029716,0.25,0.22568321228027344
-0.03999998793005943,0.18,0.05887117236852646
-0.09000000357627869,0.14,-0.09882333129644394
-0.07000000029802322,0.13,-0.036272820085287094
-0.07999999821186066,0.12,-0.0952492281794548
0.0,0.1,0.0339839830994606
0.019999993965029716,0.1,0.03180953860282898
-0.09000000357627869,0.12,-0.10016915947198868
-0.10999999940395355,0.13,-0.10549317300319672
-0.12999999523162842,0.14,-0.04732561856508255
-0.10999999940395355,0.19,-1.0253010988235474
-0.11999999731779099,0.17,-0.8682138323783875
-0.09000000357627869,0.15,-0.5805432796478271
-0.07000000029802322,0.14,0.0212289746850729
-0.10999999940395355,0.13,0.6312158703804016
-0.10000000149011612,0.13,0.9847281575202942
-0.11999999731779099,0.13,1.2969069480895996
-0.11999999731779099,0.12,1.6737977266311646
-0.11999999731779099,0.13,2.275463581085205
-0.11999999731779099,0.13,2.858435869216919
-0.11999999731779099,0.13,3.396548271179199
-0.10999999940395355,0.14,3.771775007247925
-0.12999999523162842,0.16,4.561487197875977
-0.10999999940395355,0.18,5.001091957092285
-0.11999999731779099,0.21,5.23753547668457
-0.11999999731779099,0.24,5.664680004119873
-0.10999999940395355,0.38,4.020424842834473
-0.10999999940395355,0.62,5.237097263336182
-0.11999999731779099,0.85,6.438570976257324
-0.10999999940395355,1.09,8.094576835632324
-0.10999999940395355,1.75,9.781373023986816
-0.11999999731779099,2.81,11.04419231414795
-0.11999999731779099,3.88,12.150740623474121
-0.11999999731779099,4.94,13.655655860900879
0.25,7.36,15.169795036315918
1.190000057220459,11.12,16.28131675720215
2.1600000858306885,14.89,17.114032745361328
3.180000066757202,18.66,18.269487380981445
3.359999895095825,22.19,19.43744468688965
4.429999828338623,25.48,20.475067138671875
5.340000152587891,28.77,20.95090675354004
9.239999771118164,32.06,21.77819061279297
36.5099983215332,33.98,25.51143455505371
31.389999389648438,34.52,26.034772872924805
33.31999969482422,35.07,26.2666072845459
27.700002670288086,35.61,27.302671432495117
32.439998626708984,35.79,28.867130279541016
37.810001373291016,35.6,29.401933670043945
38.0,35.41,29.95379638671875
36.08000183105469,35.21,30.759347915649414
36.209999084472656,34.96,31.719074249267578
37.2400016784668,34.66,31.999948501586914
36.439998626708984,34.35,32.32393264770508
37.869998931884766,34.04,32.32962417602539
38.97999954223633,33.74,32.753379821777344
39.119998931884766,33.46,33.27884292602539
37.439998626708984,33.18,33.217613220214844
39.380001068115234,32.9,33.21579360961914
36.220001220703125,32.78,37.9327392578125
38.630001068115234,32.82,37.841888427734375
36.91999816894531,32.87,37.68799591064453
38.040000915527344,32.91,37.45896530151367
34.15999984741211,32.97,37.44173812866211
34.310001373291016,33.03,37.09767150878906
36.38999938964844,33.1,37.30101013183594
38.060001373291016,33.16,37.253456115722656
31.43000030517578,33.21,37.144630432128906
33.099998474121094,33.23,36.722312927246094
32.099998474121094,33.25,36.88299560546875
30.40999984741211,33.26,36.15721130371094
35.16999816894531,33.25,36.015777587890625
34.099998474121094,33.19,36.09501266479492
35.310001373291016,33.13,35.69520568847656
29.829999923706055,33.07,35.2988166809082
25.850000381469727,33.04,30.839189529418945
27.64999771118164,33.03,30.96048355102539
28.100000381469727,33.02,31.0189266204834
31.64000129699707,33.01,31.174501419067383
31.84000015258789,33.01,31.474138259887695
29.290000915527344,33.02,31.46390724182129
27.64999771118164,33.03,31.83318519592285
27.48999786376953,33.03,32.102291107177734
28.479999542236328,33.01,32.33510971069336
27.80999755859375,32.95,32.24118423461914
26.309999465942383,32.9,32.465660095214844
26.119998931884766,32.84,32.227054595947266
22.84000015258789,32.77,32.35077667236328
23.6299991607666,32.69,32.59983444213867
24.079999923706055,32.6,32.24651336669922
23.700002670288086,32.52,32.09200668334961
28.559999465942383,32.53,25.93851661682129
26.09000015258789,32.64,26.162336349487305
27.520000457763672,32.75,26.33493995666504
26.469999313354492,32.87,26.67414665222168
29.720001220703125,32.93,27.120189666748047
31.260000228881836,32.94,27.249507904052734
30.06999969482422,32.95,27.70430564880371
28.950000762939453,32.96,28.101667404174805
28.670001983642578,32.93,28.462055206298828
28.19000244140625,32.86,28.55695915222168
31.760000228881836,32.78,28.82427215576172
27.84000015258789,32.71,28.808183670043945
28.279998779296875,32.57,29.060989379882812
31.010000228881836,32.37,29.37005043029785
26.940000534057617,32.16,29.08270263671875
25.78000259399414,31.96,29.021957397460938
30.950000762939453,29.03,25.878421783447266
30.19999885559082,28.45,25.489240646362305
32.029998779296875,27.86,25.03628921508789
30.139999389648438,27.28,24.45659637451172
24.459997177124023,26.58,23.984996795654297
22.270000457763672,25.75,23.40774154663086
20.729999542236328,24.92,23.252220153808594
19.170000076293945,24.09,22.855566024780273
16.020000457763672,23.26,22.427892684936523
18.3700008392334,22.43,21.925926208496094
16.049999237060547,21.6,21.8112850189209
22.209999084472656,20.76,21.272184371948242
19.81999969482422,19.94,20.877307891845703
20.610000610351562,19.13,20.694889068603516
14.039999961853027,18.31,20.13502311706543
15.25999927520752,17.5,19.759214401245117
12.470000267028809,16.83,14.209651947021484
11.470000267028809,16.3,13.798066139221191
12.329999923706055,15.77,13.276317596435547
10.729999542236328,15.24,12.661127090454102
9.319999694824219,14.76,12.153958320617676
10.75,14.32,11.652894973754883
11.449999809265137,13.88,11.269460678100586
12.139999389648438,13.45,10.768141746520996
11.640000343322754,13.06,10.290582656860352
12.170000076293945,12.71,9.890395164489746
13.40999984741211,12.37,9.674910545349121
12.940000534057617,12.03,9.260998725891113
11.459999084472656,11.77,8.883374214172363
10.9399995803833,11.59,8.592514038085938
9.130000114440918,11.41,8.183547019958496
7.149999618530273,11.24,7.900083065032959
7.71999979019165,10.96,7.796670913696289
8.020000457763672,10.58,7.672689914703369
8.729999542236328,10.21,7.425887107849121
8.619999885559082,9.83,7.1998114585876465
10.199999809265137,9.45,7.074136257171631
10.229999542236328,9.07,6.9116363525390625
10.420000076293945,8.69,6.7369489669799805
7.340000152587891,8.31,6.580202102661133
6.21999979019165,8.02,6.445644378662109
4.360000133514404,7.81,6.343050479888916
2.930000066757202,7.61,6.2495574951171875
2.6500000953674316,7.4,6.188295364379883
2.180000066757202,7.18,6.102797985076904
2.440000057220459,6.96,6.0039381980896
1.5499999523162842,6.73,5.811493396759033
1.0800000429153442,6.51,5.786423683166504
1.1799999475479126,6.24,2.8432674407958984
1.2999999523162842,5.93,2.788095235824585
1.1699999570846558,5.63,2.6617023944854736
1.600000023841858,5.32,2.5348384380340576
1.4900000095367432,5.02,2.4888086318969727
1.350000023841858,4.73,2.4320876598358154
1.3799999952316284,4.43,2.325502395629883
2.109999895095825,4.14,2.248298406600952
0.4000000059604645,3.84,2.2106051445007324
0.12000000476837158,3.55,2.2467379570007324
-0.10999999940395355,3.26,2.2104687690734863
-0.06000000238418579,2.97,2.3321526050567627
-0.14000000059604645,2.7,2.3095991611480713
-0.09000000357627869,2.44,2.224794626235962
-0.03999998793005943,2.18,2.1606290340423584
-0.12999999523162842,1.93,2.2494711875915527
-0.10999999940395355,1.74,0.7139340043067932
-0.10999999940395355,1.61,0.6481984853744507
-0.10000000149011612,1.48,0.5308868885040283
0.2199999988079071,1.36,0.3639351427555084
0.06999999284744263,1.25,0.2739911377429962
0.8999999761581421,1.18,0.19485054910182953
1.2699999809265137,1.1,0.07744218409061432
0.04999999701976776,1.02,-0.029996167868375778
0.6699999570846558,0.93,-0.11838923394680023
0.010000007227063179,0.83,-0.05701487138867378
0.5799999237060547,0.74,-0.09279540181159973
1.0700000524520874,0.64,0.0609842874109745
0.3799999952316284,0.56,0.024303587153553963
0.4699999988079071,0.49,-0.10026182979345322
0.03999998793005943,0.42,-0.1135878786444664
-0.04999999701976776,0.36,-0.011162122711539268
-0.09000000357627869,0.3,1.1185269355773926
-0.10999999940395355,0.27,1.0986360311508179
-0.10999999940395355,0.23,0.9679295420646667
-0.11999999731779099,0.2,0.8586172461509705
-0.10999999940395355,0.17,0.8547453284263611
-0.030000001192092896,0.16,0.8362111449241638
-0.10999999940395355,0.14,0.7611120939254761
-0.10999999940395355,0.12,0.679421603679657
-0.11999999731779099,0.13,0.5691273808479309
-0.10000000149011612,0.15,0.6453467011451721
-0.14000000059604645,0.18,0.6076029539108276
-0.10000000149011612,0.2,0.7725655436515808
-0.10999999940395355,0.22,0.7584054470062256
-0.10999999940395355,0.24,0.6463654041290283
-0.10999999940395355,0.25,0.6365337371826172
-0.11999999731779099,0.27,0.7140102982521057
-0.10000000149011612,0.21,1.1299278736114502
-0.030000001192092896,0.22,1.050437092781067
-0.14000000059604645,0.23,0.8910015225410461
-0.10999999940395355,0.23,0.8213525414466858
-0.06000000238418579,0.23,0.9111766219139099
-0.10000000149011612,0.21,0.8546097278594971
-0.07999999821186066,0.19,0.8012285232543945
-0.010000007227063179,0.17,0.6408928632736206
-0.12999999523162842,0.15,0.4762982130050659
-0.04999999701976776,0.15,0.5821876525878906
-0.10999999940395355,0.14,0.5393775105476379
-0.10999999940395355,0.13,0.6743981242179871
-0.10999999940395355,0.13,0.7665989398956299
-0.11999999731779099,0.14,0.6708055734634399
-0.10999999940395355,0.14,0.7036818861961365
-0.019999993965029716,0.15,0.7276436686515808
0.21000000834465027,0.17,-0.08928807824850082
0.04999999701976776,0.21,-0.059103455394506454
-0.010000007227063179,0.26,0.034878019243478775
0.07999999821186066,0.3,0.43548327684402466
-0.12999999523162842,0.35,0.8473436236381531
-0.15000000596046448,0.4,1.122169852256775
-0.14000000059604645,0.46,1.1980552673339844
-0.11999999731779099,0.52,1.4960882663726807
-0.10999999940395355,0.61,1.8452045917510986
-0.10999999940395355,0.73,2.315985679626465
-0.10000000149011612,0.85,2.602503776550293
-0.10999999940395355,0.97,2.9472453594207764
-0.10999999940395355,1.04,3.4577624797821045
-0.14000000059604645,1.07,3.7090072631835938
-0.11999999731779099,1.1,3.9189748764038086
-0.11999999731779099,1.13,4.178411483764648
-0.11999999731779099,1.13,0.24984672665596008
-0.10000000149011612,1.11,0.1688212752342224
-0.11999999731779099,1.09,0.09337333589792252
-0.10999999940395355,1.07,-0.08691670745611191
-0.12999999523162842,1.0,-0.17807228863239288
-0.10999999940395355,0.89,-0.23695534467697144
-0.10999999940395355,0.78,-0.29910245537757874
-0.10999999940395355,0.67,-0.41839495301246643
-0.10000000149011612,0.58,-0.48832398653030396
-0.10999999940395355,0.53,-0.38509824872016907
-0.10999999940395355,0.48,-0.36313915252685547
-0.14000000059604645,0.43,-0.2080947309732437
-0.11999999731779099,0.38,-0.14546994864940643
-0.10999999940395355,0.34,-0.2367747575044632
-0.11999999731779099,0.3,-0.21743032336235046
-0.10999999940395355,0.26,-0.07660394161939621
0.09000000357627869,0.24,1.1605336666107178
0.07999999821186066,0.23,1.1332975625991821
0.16999998688697815,0.22,1.0336261987686157
0.27000001072883606,0.21,0.9035241603851318
-0.07000000029802322,0.23,0.853114664554596
0.10999999940395355,0.29,0.8543003797531128
-0.07000000029802322,0.34,0.7948803305625916
-0.11999999731779099,0.4,0.7182766795158386
0.030000001192092896,0.44,0.6429275870323181
0.04999999701976776,0.46,0.7393438220024109
0.09000000357627869,0.48,0.7366732954978943
-0.10000000149011612,0.5,0.907630443572998
-0.09000000357627869,0.51,0.8987970948219299
-0.12999999523162842,0.52,0.798042893409729
-0.11999999731779099,0.53,0.8203344941139221
-0.07999999821186066,0.54,0.921612024307251
0.2800000011920929,0.53,0.5098320841789246
0.4399999976158142,0.5,0.6049262881278992
2.6500000953674316,0.47,0.6876410245895386
2.640000104904175,0.44,0.8401995301246643
3.2300000190734863,0.42,1.0609883069992065
4.639999866485596,0.4,1.2768455743789673
4.519999980926514,0.38,1.373567819595337
5.320000171661377,0.36,1.5136384963989258
6.830000400543213,0.43,1.68109929561615
6.179999828338623,0.58,1.951043725013733
7.569999694824219,0.74,2.056171417236328
7.350000381469727,0.89,2.387622356414795
7.189999580383301,1.03,2.624471664428711
8.229999542236328,1.16,2.6873316764831543
9.149999618530273,1.29,2.7674221992492676
8.420000076293945,1.41,2.9570846557617188
7.039999961853027,1.46,7.185023307800293
5.59999942779541,1.42,6.783078193664551
3.9600000381469727,1.38,6.304529666900635
3.9200000762939453,1.35,5.783400535583496
2.3499999046325684,1.24,5.409167766571045
0.9800000190734863,1.06,4.981589317321777
1.0399999618530273,0.88,4.592433929443359
0.3499999940395355,0.7,4.1045966148376465
0.07999999821186066,0.55,3.6823251247406006
0.27000001072883606,0.44,3.4375662803649902
1.3200000524520874,0.33,3.1937553882598877
0.6899999380111694,0.22,2.9446306228637695
1.0800000429153442,0.19,2.5916874408721924
1.340000033378601,0.24,2.2718610763549805
1.649999976158142,0.29,2.048274278640747
2.4200000762939453,0.34,1.872461199760437
2.549999952316284,0.72,2.0635907649993896
4.690000057220459,0.79,1.9693973064422607
3.3499999046325684,0.86,1.7670364379882812
3.059999942779541,0.92,1.5994802713394165
1.6699999570846558,1.02,1.5517085790634155
1.4199999570846558,1.14,1.477948546409607
1.3799999952316284,1.26,1.3660188913345337
0.64000004529953,1.38,1.196454644203186
0.6999999284744263,1.47,1.0070232152938843
0.5100000500679016,1.53,1.0461870431900024
0.5899999141693115,1.59,0.9718136787414551
0.9299999475479126,1.65,1.0602020025253296
1.0099999904632568,1.63,0.9987689852714539
2.509999990463257,1.53,0.8557531833648682
1.3799999952316284,1.44,0.8253021240234375
1.0,1.34,0.8395528793334961
0.06999999284744263,1.27,1.615333080291748
0.5000000596046448,1.23,1.3557136058807373
0.019999993965029716,1.19,1.0978285074234009
0.21000000834465027,1.15,1.1046018600463867
-0.18000000715255737,1.11,1.095147728919983
-0.010000007227063179,1.06,1.008101224899292
0.49000000953674316,1.02,0.7321969866752625
1.340000033378601,0.98,0.7173336148262024
0.9199999570846558,0.92,0.6999449133872986
0.23999996483325958,0.85,0.8978450894355774
-0.10999999940395355,0.78,1.0841236114501953
-0.11999999731779099,0.71,1.1215524673461914
-0.14000000059604645,0.66,1.3760768175125122
0.019999993965029716,0.64,1.4765591621398926
0.04999999701976776,0.62,1.5815620422363281
-0.06000000238418579,0.59,1.7014760971069336
-0.11999999731779099,0.54,1.1363496780395508
-0.11999999731779099,0.47,1.0663872957229614
-0.11999999731779099,0.4,0.9677809476852417
-0.11999999731779099,0.33,0.7892892360687256
-0.10000000149011612,0.28,0.69400554895401
-0.11999999731779099,0.24,0.6364887952804565
-0.10999999940395355,0.21,0.5348861813545227
-0.10999999940395355,0.18,0.4321572184562683
-0.12999999523162842,0.15,0.3602009117603302
-0.11999999731779099,0.14,0.4390723705291748
-0.11999999731779099,0.12,0.42601752281188965
-0.10999999940395355,0.1,0.5859954953193665
-0.11999999731779099,0.11,0.5754803419113159
-0.11999999731779099,0.14,0.46199703216552734
-0.10000000149011612,0.17,0.47026821970939636
-0.09000000357627869,0.2,0.5882503390312195
0.019999993965029716,0.28,0.9378035068511963
0.09999999403953552,0.39,1.046911358833313
0.7999999523162842,0.51,1.1013460159301758
1.1100000143051147,0.63,1.1926944255828857
1.190000057220459,0.8,1.317186951637268
2.3499999046325684,1.02,1.566715121269226
2.4700000286102295,1.24,1.6579749584197998
2.569999933242798,1.46,1.7999972105026245
3.700000047683716,1.62,1.9244385957717896
2.7300000190734863,1.7,2.170595645904541
2.8299999237060547,1.78,2.272740602493286
2.990000009536743,1.86,2.5862913131713867
3.6600000858306885,2.02,2.7081098556518555
3.700000047683716,2.25,2.7471072673797607
3.6600000858306885,2.48,2.811231851577759
3.1500000953674316,2.72,3.0011866092681885
3.680000066757202,2.93,4.377135753631592
4.260000228881836,3.11,4.292497158050537
4.679999828338623,3.29,4.17559814453125
6.0,3.47,4.101593971252441
6.529999732971191,3.52,4.191878795623779
5.550000190734863,3.44,4.186975955963135
7.109999656677246,3.35,4.1171040534973145
7.950000286102295,3.27,4.059502601623535
6.559999942779541,3.16,4.0802154541015625
8.100000381469727,3.02,4.184981346130371
9.079999923706055,2.88,4.163204193115234
9.619999885559082,2.74,4.273794651031494
9.90999984741211,2.62,4.334956169128418
9.289999961853027,2.51,4.280456066131592
7.019999980926514,2.4,4.239642143249512
5.749999523162842,2.3,4.300104141235352
5.770000457763672,2.19,5.299082279205322
3.859999895095825,2.09,5.061114311218262
3.7200000286102295,1.98,4.738302707672119
3.3399999141693115,1.88,4.403552055358887
4.079999923706055,1.78,4.21589994430542
3.809999942779541,1.69,3.97891902923584
3.690000057220459,1.59,3.7049505710601807
2.9100000858306885,1.5,3.416679859161377
2.5,1.36,3.1687769889831543
1.340000033378601,1.18,3.048552989959717
1.5700000524520874,0.99,2.8885462284088135
2.009999990463257,0.81,2.8130478858947754
2.109999895095825,0.77,2.591630220413208
2.6700000762939453,0.89,2.3710389137268066
1.340000033378601,1.0,2.209613084793091
1.3300000429153442,1.11,2.150747060775757
0.9099999666213989,2.48,-0.22118160128593445
0.7099999189376831,6.52,0.7274473905563354
0.8500000238418579,10.56,1.8533082008361816
0.07999999821186066,14.59,3.646998405456543
-0.09000000357627869,18.99,5.485333442687988
-0.14000000059604645,23.76,6.941001892089844
30.270002365112305,28.52,7.897780895233154
31.059999465942383,33.29,9.505921363830566
28.309999465942383,35.93,11.29071044921875
27.670000076293945,36.44,12.58218765258789
35.0099983215332,36.96,13.486997604370117
31.75,37.47,14.690570831298828
34.529998779296875,37.55,16.13902473449707
34.52000045776367,37.19,17.178022384643555
36.90999984741211,36.83,17.714157104492188
37.04999923706055,36.47,18.5408878326416
37.11000061035156,35.6,37.0333137512207
39.02000045776367,34.2,36.7720947265625
39.40999984741211,32.8,36.519771575927734
38.400001525878906,31.4,36.34590530395508
36.380001068115234,30.17,36.37647247314453
36.279998779296875,29.11,36.124786376953125
32.709999084472656,28.05,36.11343002319336
32.06999969482422,26.99,36.06924819946289
33.36000061035156,26.39,36.06098937988281
31.64999771118164,26.24,35.61037826538086
33.650001525878906,26.1,35.65070724487305
31.560001373291016,25.95,34.96936798095703
31.270000457763672,25.97,34.874481201171875
32.849998474121094,26.16,34.98064041137695
32.47999954223633,26.36,34.37954330444336
34.20000076293945,26.55,33.92230224609375
33.709999084472656,26.69,34.20241928100586
35.810001373291016,26.79,34.13484573364258
35.08000183105469,26.88,34.05742645263672
31.829999923706055,26.98,34.0584602355957
34.849998474121094,27.08,34.198848724365234
36.540000915527344,27.19,34.02804183959961
35.13999938964844,27.3,34.29117202758789
35.5099983215332,27.42,34.41417694091797
36.810001373291016,27.6,34.524837493896484
34.58000183105469,27.86,34.286643981933594
37.150001525878906,28.12,34.43983840942383
35.02000045776367,28.38,34.064857482910156
36.81999969482422,28.7,34.07036209106445
37.13999938964844,29.06,34.24256896972656
34.86000061035156,29.43,33.74456787109375
36.43000030517578,29.79,33.453094482421875
35.349998474121094,30.16,36.75496292114258
35.15999984741211,30.53,36.748374938964844
32.56999969482422,30.89,36.70124435424805
31.899999618530273,31.26,36.60627365112305
32.560001373291016,31.51,36.715667724609375
33.20000076293945,31.63,36.45893859863281
31.690000534057617,31.76,36.755615234375
35.16999816894531,31.88,36.85081100463867
30.450000762939453,32.03,36.85478210449219
31.48999786376953,32.22,36.489891052246094
35.310001373291016,32.4,36.714439392089844
39.779998779296875,32.58,36.131343841552734
39.52000045776367,32.73,36.095726013183594
37.7599983215332,32.84,36.235225677490234
38.86000061035156,32.94,35.83369064331055
38.97999954223633,33.05,35.558631896972656
38.47999954223633,33.13,38.05807876586914
39.560001373291016,33.17,37.891239166259766
34.90999984741211,33.22,37.741355895996094
38.540000915527344,33.27,37.675384521484375
40.529998779296875,33.29,37.81963348388672
40.97999954223633,33.28,37.60902404785156
41.81999969482422,33.27,37.81602096557617
40.2400016784668,33.27,37.881046295166016
40.849998474121094,33.23,37.981834411621094
41.22999954223633,33.16,37.672874450683594
41.77000045776367,33.09,37.78104782104492
41.52000045776367,33.02,37.27185821533203
42.119998931884766,32.92,37.22111511230469
41.849998474121094,32.78,37.36024475097656
40.09000015258789,32.65,36.820770263671875
41.7599983215332,32.52,36.439605712890625
40.04999923706055,32.39,40.36992645263672
39.68000030517578,32.27,40.148311614990234
39.880001068115234,32.14,39.905174255371094
40.220001220703125,32.02,39.572452545166016
40.22999954223633,31.93,39.4722900390625
37.209999084472656,31.86,39.016056060791016
38.81999969482422,31.79,39.1536979675293
38.400001525878906,31.73,39.04472732543945
36.47999954223633,31.58,38.891990661621094
36.5,31.34,38.341522216796875
37.18000030517578,31.11,38.43877410888672
33.38999938964844,30.87,37.68608474731445
35.97999954223633,30.63,37.44905090332031
33.099998474121094,30.37,37.47792434692383
30.610000610351562,30.12,36.93085861206055
31.34000015258789,29.86,36.48754119873047
28.19999885559082,28.07,31.966869354248047
28.610000610351562,27.6,31.811552047729492
28.049997329711914,27.13,31.62489128112793
22.079999923706055,26.67,31.347753524780273
26.03000259399414,26.09,31.215049743652344
22.110000610351562,25.4,30.820070266723633
17.1200008392334,24.71,30.979204177856445
15.780000686645508,24.01,30.90182113647461
13.720000267028809,23.34,30.73780059814453
10.989999771118164,22.7,30.326290130615234
10.40999984741211,22.05,30.419231414794922
11.180000305175781,21.4,29.927011489868164
16.959999084472656,20.71,29.73723602294922
18.219999313354492,19.99,29.74592399597168
19.780000686645508,19.27,29.247417449951172
16.530000686645508,18.55,28.965484619140625
18.799999237060547,17.94,16.917421340942383
14.770001411437988,17.45,17.06228256225586
13.90999984741211,16.96,17.131128311157227
13.4399995803833,16.47,17.377573013305664
10.170000076293945,16.02,17.712865829467773
11.520000457763672,15.63,17.91541862487793
12.25,15.24,18.11200714111328
8.779999732971191,14.85,18.371414184570312
10.229999542236328,14.62,18.69767189025879
9.670000076293945,14.57,18.806671142578125
9.329999923706055,14.51,18.986888885498047
9.15999984741211,14.46,19.017911911010742
7.250000476837158,14.48,19.266477584838867
7.420000076293945,14.57,19.513731002807617
6.450000286102295,14.66,19.32193946838379
5.309999942779541,14.75,19.33016586303711
7.179999828338623,14.99,7.35624885559082
7.529999732971191,15.37,8.224749565124512
7.659999847412109,15.75,9.03529167175293
8.569999694824219,16.13,10.301851272583008
8.779999732971191,16.64,11.571075439453125
9.949999809265137,17.28,12.638611793518066
11.510000228881836,17.92,13.462713241577148
8.640000343322754,18.55,14.62612533569336
7.800000190734863,19.31,15.826157569885254
8.180000305175781,20.2,16.655101776123047
10.399999618530273,21.09,17.251373291015625
11.789999961853027,21.98,18.08250617980957
13.620000839233398,22.78,19.09673500061035
16.1200008392334,23.48,19.8487606048584
20.219999313354492,24.18,20.0605525970459
25.93000030517578,24.88,20.6275634765625
29.62000274658203,25.56,27.22963523864746
35.529998779296875,26.21,27.490764617919922
34.939998626708984,26.87,27.722625732421875
37.20000076293945,27.53,28.411657333374023
37.7599983215332,28.11,29.2468204498291
38.9900016784668,28.61,29.724679946899414
37.18000030517578,29.12,30.174352645874023
36.54999923706055,29.63,30.719379425048828
36.709999084472656,30.12,31.42561149597168
36.90999984741211,30.58,31.69938850402832
37.59000015258789,31.05,31.991918563842773
37.97999954223633,31.51,31.931663513183594
37.540000915527344,31.93,32.38259506225586
35.9900016784668,32.28,32.83366012573242
36.900001525878906,32.64,32.654850006103516
36.45000076293945,33.0,32.5999755859375
39.45000076293945,33.32,35.75577926635742
37.83000183105469,33.59,35.77606201171875
38.45000076293945,33.86,35.74934005737305
34.34000015258789,34.13,35.78386306762695
37.2599983215332,34.33,36.01795196533203
36.20000076293945,34.45,35.8631591796875
35.91999816894531,34.58,36.176727294921875
35.22999954223633,34.7,36.35219955444336
38.47999954223633,34.82,36.48514175415039
37.31999969482422,34.93,36.24861526489258
39.060001373291016,35.03,36.44963836669922
36.90999984741211,35.14,36.00507354736328
37.290000915527344,35.22,36.03540802001953
38.209999084472656,35.25,36.23123550415039
41.52000045776367,35.29,35.80744552612305
40.130001068115234,35.33,35.5152702331543
40.130001068115234,35.41,38.41115188598633
39.849998474121094,35.53,38.354366302490234
40.599998474121094,35.66,38.21780014038086
40.2599983215332,35.78,38.07059860229492
38.22999954223633,35.86,38.14021301269531
37.29999923706055,35.92,37.82308578491211
40.7400016784668,35.97,38.050209045410156
39.72999954223633,36.02,38.0810546875
39.54999923706055,36.04,38.058040618896484
37.29999923706055,36.01,37.67687225341797
36.720001220703125,35.98,37.84020233154297
39.2400016784668,35.95,37.18798065185547
39.79999923706055,35.86,37.088687896728516
38.81999969482422,35.73,37.21865463256836
38.599998474121094,35.6,36.787452697753906
40.34000015258789,35.47,36.38233947753906
40.529998779296875,36.31,38.30665969848633
40.86000061035156,36.22,37.94655227661133
39.52000045776367,36.14,37.52885055541992
41.11000061035156,36.06,36.94826126098633
40.380001068115234,35.82,36.54759216308594
39.47999954223633,35.44,35.88533020019531
38.75,35.05,35.858821868896484
37.22999954223633,34.66,35.512508392333984
30.709999084472656,34.29,35.10896301269531
34.81999969482422,33.94,34.4533576965332
33.279998779296875,33.58,34.439510345458984
35.0,33.23,33.56305694580078
35.150001525878906,32.88,33.153106689453125
36.56999969482422,32.53,33.04500198364258
33.349998474121094,32.19,32.47418975830078
37.43000030517578,31.84,31.953441619873047
33.06999969482422,31.53,35.15196990966797
37.560001373291016,31.26,34.77055358886719
33.70000076293945,31.0,34.33494186401367
31.080001831054688,30.73,33.93092346191406
31.549999237060547,30.57,33.677371978759766
32.709999084472656,30.51,33.172264099121094
34.560001373291016,30.45,33.106483459472656
40.0099983215332,30.39,32.82148361206055
40.959999084472656,30.32,32.5845832824707
40.36000061035156,30.24,32.12881851196289
40.2400016784668,30.15,32.0339469909668
41.099998474121094,30.07,31.353534698486328
40.09000015258789,30.04,31.044675827026367
38.060001373291016,30.07,30.988033294677734
39.52000045776367,30.1,30.397977828979492
40.95000076293945,30.12,29.870838165283203
40.560001373291016,30.1,38.114383697509766
38.279998779296875,30.04,37.60493469238281
36.84000015258789,29.98,37.05613708496094
35.189998626708984,29.92,36.4335823059082
37.09000015258789,29.83,35.97053909301758
38.59000015258789,29.71,35.254451751708984
37.77000045776367,29.58,35.1096305847168
40.029998779296875,29.46,34.69426345825195
38.099998474121094,29.35,34.26367950439453
34.40999984741211,29.26,33.61996841430664
36.47999954223633,29.17,33.47464370727539
35.540000915527344,29.08,32.63653564453125
33.599998474121094,28.94,32.19742202758789
33.43000030517578,28.76,32.04353332519531
32.13999938964844,28.58,31.34540557861328
31.560001373291016,28.4,30.74675941467285
34.220001220703125,28.23,30.721532821655273
34.81999969482422,28.08,30.422353744506836
34.040000915527344,27.93,30.053024291992188
30.739999771118164,27.78,29.65056037902832
23.3700008392334,27.57,29.36583709716797
23.880001068115234,27.29,28.85633087158203
23.290000915527344,27.01,28.85489845275879
22.989999771118164,26.73,28.616037368774414
28.709999084472656,26.54,28.315752029418945
29.80999755859375,26.46,27.910091400146484
20.770000457763672,26.37,27.863170623779297
25.80000114440918,26.29,27.309539794921875
21.93000030517578,26.29,27.045989990234375
21.40999984741211,26.4,26.961872100830078
21.93000030517578,26.5,26.431440353393555
23.030000686645508,26.6,26.044565200805664
26.06999969482422,26.75,23.538898468017578
24.590002059936523,26.95,23.573081970214844
23.149999618530273,27.15,23.547443389892578
25.149999618530273,27.35,23.649202346801758
22.709999084472656,27.65,23.874414443969727
26.540000915527344,28.05,23.85186004638672
27.249998092651367,28.45,24.052326202392578
26.3700008392334,28.85,24.21852684020996
27.1299991607666,29.2,24.4141788482666
27.670000076293945,29.5,24.388423919677734
25.860000610351562,29.81,24.511980056762695
27.160001754760742,30.11,24.3813533782959
26.899999618530273,30.34,24.4896183013916
24.67999839782715,30.48,24.668521881103516
27.64000129699707,30.62,24.34221649169922
27.889997482299805,30.77,24.187705993652344
27.309999465942383,30.84,26.905044555664062
27.96000099182129,30.85,26.690387725830078
29.569997787475586,30.86,26.40452766418457
28.719999313354492,30.87,26.204635620117188
28.899999618530273,30.83,26.14828109741211
28.299997329711914,30.76,25.875904083251953
25.78000259399414,30.69,25.827478408813477
24.21000099182129,30.62,25.693727493286133
18.040000915527344,30.45,25.635942459106445
19.5,30.19,25.359254837036133
19.940000534057617,29.92,25.33077621459961
18.780000686645508,29.66,24.888723373413086
21.15999984741211,29.28,24.748506546020508
20.799999237060547,28.79,24.79001808166504
22.56999969482422,28.29,24.34107208251953
20.959999084472656,27.8,23.981075286865234
22.989999771118164,27.59,20.630258560180664
26.950000762939453,27.2,20.59877586364746
24.40999984741211,26.81,20.45514678955078
24.590002059936523,26.41,20.49281120300293
22.309999465942383,25.95,20.61676025390625
23.62000274658203,25.43,20.57428550720215
24.049997329711914,24.9,20.636228561401367
21.329999923706055,24.37,20.66593360900879
20.670000076293945,23.83,20.752395629882812
20.489999771118164,23.27,20.676237106323242
19.030000686645508,22.71,20.72417449951172
19.739999771118164,22.15,20.478076934814453
21.299999237060547,21.61,20.51296615600586
20.420000076293945,21.09,20.63810920715332
20.260000228881836,20.57,20.361812591552734
22.31999969482422,20.05,20.21541976928711
20.5,19.54,22.230506896972656
21.309999465942383,19.06,22.10096549987793
25.80000114440918,18.58,21.882179260253906
27.530000686645508,18.1,21.806808471679688
30.850000381469727,17.76,21.836097717285156
32.150001525878906,17.54,21.680322647094727
31.690000534057617,17.33,21.672189712524414
33.5,17.12,21.621292114257812
32.54999923706055,17.05,21.629375457763672
35.63999938964844,17.11,21.48029899597168
35.47999954223633,17.18,21.47978401184082
35.689998626708984,17.25,21.1653995513916
33.220001220703125,17.38,21.133644104003906
30.860000610351562,17.59,21.20188331604004
33.77000045776367,17.8,20.855270385742188
33.58000183105469,18.01,20.62624740600586
33.869998931884766,18.37,31.168058395385742
33.439998626708984,18.88,30.80437660217285
32.150001525878906,19.39,30.339269638061523
30.940000534057617,19.9,29.917734146118164
30.540000915527344,20.36,29.664907455444336
27.64000129699707,20.77,29.161794662475586
31.880001068115234,21.18,29.01850128173828
26.919998168945312,21.59,28.72274398803711
26.830001831054688,21.98,28.471017837524414
24.67999839782715,22.35,28.031757354736328
26.3700008392334,22.71,27.905719757080078
27.84000015258789,23.08,27.270267486572266
28.35999870300293,23.49,26.982585906982422
28.899999618530273,23.94,26.91610336303711
27.190000534057617,24.38,26.375104904174805
28.139999389648438,24.83,25.883377075195312
24.51000213623047,25.22,27.551349639892578
24.549999237060547,25.54,27.479978561401367
25.3700008392334,25.87,27.33247947692871
25.720001220703125,26.19,27.36693572998047
27.48000144958496,26.49,27.508277893066406
26.37999725341797,26.76,27.422365188598633
28.530000686645508,27.03,27.519392013549805
26.999998092651367,27.3,27.587453842163086
26.5,27.68,27.692951202392578
29.040000915527344,28.16,27.578052520751953
29.62000274658203,28.64,27.662324905395508
32.11000061035156,29.12,27.299530029296875
27.18000030517578,29.59,27.364091873168945
33.5,30.07,27.526479721069336
33.4900016784668,30.54,27.17066192626953
34.5,31.01,26.917354583740234
36.72999954223633,31.45,32.514888763427734
38.2400016784668,31.87,32.41401290893555
35.43000030517578,32.29,32.25947189331055
38.400001525878906,32.71,32.29330825805664
37.93000030517578,33.09,32.50275421142578
39.650001525878906,33.44,32.40602493286133
38.560001373291016,33.8,32.51997375488281
38.099998474121094,34.15,32.584800720214844
38.86000061035156,34.45,32.7495002746582
39.77000045776367,34.7,32.572349548339844
38.81999969482422,34.95,32.6462287902832
40.720001220703125,35.2,32.19341278076172
39.290000915527344,35.42,32.221214294433594
39.86000061035156,35.61,32.403907775878906
40.189998626708984,35.8,31.975893020629883
40.400001525878906,35.99,31.617496490478516
39.400001525878906,36.11,37.821163177490234
39.779998779296875,36.17,37.55506896972656
39.959999084472656,36.23,37.21099090576172
39.27000045776367,36.29,36.93693542480469
40.33000183105469,36.37,36.83557891845703
40.02000045776367,36.45,36.394126892089844
39.209999084472656,36.54,36.44776153564453
36.529998779296875,36.63,36.31326675415039
37.290000915527344,36.63,36.18343734741211
39.4900016784668,36.55,35.76128387451172
38.849998474121094,36.47,35.74464797973633
36.84000015258789,36.39,35.09316635131836
35.16999816894531,36.22,34.87627410888672
34.599998474121094,35.97,34.914405822753906
29.64999771118164,35.72,34.33033752441406
29.059999465942383,35.47,33.815818786621094
29.139999389648438,34.82,28.948278427124023
25.000001907348633,34.16,28.853971481323242
23.040000915527344,33.49,28.65958595275879
23.700002670288086,32.83,28.489009857177734
22.280000686645508,32.13,28.424354553222656
21.3799991607666,31.41,28.092262268066406
18.790000915527344,30.68,28.2578182220459
16.020000457763672,29.96,28.230358123779297
16.850000381469727,29.32,28.111295700073242
13.74000072479248,28.76,27.86872673034668
15.640000343322754,28.21,27.92030906677246
15.050000190734863,27.66,27.553611755371094
7.880000114440918,27.23,27.44385528564453
12.949999809265137,26.93,27.488412857055664
12.130000114440918,26.63,27.03792953491211
11.15999984741211,26.33,26.75338363647461
13.379999160766602,25.98,13.000077247619629
15.40999984741211,25.58,13.336814880371094
14.319999694824219,25.18,13.586141586303711
14.379999160766602,24.78,14.046889305114746
14.980000495910645,24.35,14.547704696655273
17.889999389648438,23.89,14.896116256713867
18.209999084472656,23.42,15.259713172912598
16.760000228881836,22.96,15.72053337097168
16.899999618530273,22.56,16.14910316467285
13.069999694824219,22.22,16.454326629638672
10.930000305175781,21.88,16.70532989501953
12.179999351501465,21.54,16.943944931030273
15.459999084472656,21.3,17.36819076538086
11.449999809265137,21.15,17.69231414794922
12.620000839233398,20.99,17.61395263671875
13.630000114440918,20.84,17.772275924682617
12.390000343322754,20.73,14.657869338989258
14.860000610351562,20.66,14.836884498596191
15.860000610351562,20.59,14.902765274047852
11.949999809265137,20.52,15.184682846069336
11.029999732971191,20.39,15.525654792785645
12.729999542236328,20.21,15.697088241577148
14.500000953674316,20.02,15.908809661865234
16.729999542236328,19.84,16.19638442993164
18.450000762939453,19.7,16.476940155029297
21.25,19.59,16.634300231933594
19.959999084472656,19.49,16.76401710510254
22.469999313354492,19.38,16.82942771911621
18.270000457763672,19.27,17.10338592529297
16.59000015258789,19.15,17.323591232299805
15.329999923706055,19.03,17.18073081970215
13.529999732971191,18.91,17.232315063476562
9.65999984741211,18.8,14.339823722839355
8.640000343322754,18.7,14.446762084960938
6.800000190734863,18.6,14.422403335571289
9.470000267028809,18.51,14.560358047485352
13.09000015258789,18.36,14.758383750915527
10.510000228881836,18.16,14.829724311828613
10.149999618530273,17.96,14.960108757019043
10.930000305175781,17.76,15.119542121887207
10.510000228881836,17.44,15.250158309936523
7.109999656677246,17.01,15.325552940368652
6.7900004386901855,16.58,15.399774551391602
9.520000457763672,16.15,15.365748405456543
10.760000228881836,15.74,15.537813186645508
9.960000038146973,15.34,15.674461364746094
10.050000190734863,14.93,15.516263961791992
9.470000267028809,14.53,15.54226303100586
6.87000036239624,14.16,9.553754806518555
5.590000152587891,13.81,9.542037963867188
5.320000171661377,13.47,9.446200370788574
3.7300000190734863,13.12,9.460707664489746
5.970000267028809,12.78,9.577689170837402
6.37000036239624,12.44,9.58375358581543
4.519999980926514,12.1,9.578571319580078
5.139999866485596,11.76,9.610684394836426
6.029999732971191,11.45,9.688755989074707
5.619999408721924,11.16,9.739917755126953
5.340000152587891,10.88,9.7514009475708
4.329999923706055,10.59,9.77703857421875
4.570000171661377,10.21,9.840937614440918
5.320000171661377,9.76,9.887261390686035
5.830000400543213,9.3,9.764032363891602
6.2900004386901855,8.84,9.788935661315918
8.489999771118164,8.42,6.6278533935546875
7.270000457763672,8.04,6.57987117767334
7.139999866485596,7.65,6.48892068862915
5.880000114440918,7.27,6.479612350463867
5.269999980926514,6.99,6.553467273712158
6.559999942779541,6.81,6.544834613800049
6.729999542236328,6.64,6.521242141723633
6.139999866485596,6.46,6.506829738616943
4.059999942779541,6.33,6.549214839935303
3.299999952316284,6.24,6.6261796951293945
2.690000057220459,6.15,6.635349273681641
2.390000104904175,6.06,6.7137041091918945
2.0899999141693115,6.02,6.756814479827881
3.0299999713897705,6.04,6.771274089813232
3.6700000762939453,6.05,6.698472499847412
3.930000066757202,6.06,6.749192714691162
3.309999942779541,7.73,4.747890472412109
2.2100000381469727,7.72,4.58404541015625
2.4800000190734863,7.72,4.318224906921387
2.569999933242798,7.72,4.077756404876709
2.4800000190734863,7.67,3.9161345958709717
2.890000104904175,7.59,3.695474624633789
3.0999999046325684,7.5,3.5411429405212402
3.1500000953674316,7.41,3.2964720726013184
2.4100000858306885,7.24,3.0693652629852295
2.509999990463257,6.96,3.0250375270843506
2.5,6.69,2.9396727085113525
3.1700000762939453,6.42,2.911346197128296
3.809999942779541,6.14,2.8132524490356445
3.430000066757202,5.85,2.6871190071105957
3.2899999618530273,5.57,2.603630781173706
3.4600000381469727,5.28,2.579927921295166
1.5700000524520874,5.05,3.765902519226074
2.180000066757202,4.88,3.6813881397247314
0.8500000238418579,4.7,3.5369317531585693
0.8700000047683716,4.53,3.4049434661865234
1.2999999523162842,4.37,3.349809169769287
0.9299999475479126,4.23,3.2569656372070312
0.9900000095367432,4.08,3.175445318222046
2.700000047683716,3.94,3.056809186935425
4.449999809265137,3.86,2.9559860229492188
2.940000057220459,3.85,3.004117488861084
3.700000047683716,3.83,2.9838123321533203
4.960000038146973,3.82,3.0542523860931396
4.119999885559082,3.85,3.0584909915924072
3.309999942779541,3.91,2.993100166320801
2.009999990463257,3.97,2.9590518474578857
0.6599999666213989,4.03,3.0113754272460938
1.5700000524520874,4.12,1.275773048400879
2.109999895095825,4.24,1.449589490890503
2.9600000381469727,4.36,1.5627532005310059
2.140000104904175,4.49,1.7535836696624756
1.6799999475479126,4.68,1.9837965965270996
2.9600000381469727,4.95,2.1695756912231445
1.6699999570846558,5.23,2.313859462738037
1.8600000143051147,5.5,2.5100350379943848
2.0199999809265137,5.89,2.6894896030426025
2.8499999046325684,6.41,2.955630302429199
6.189999580383301,6.93,3.085141658782959
7.159999847412109,7.45,3.4211554527282715
11.449999809265137,8.11,3.6729071140289307
14.520000457763672,8.91,3.8042192459106445
14.800000190734863,9.71,3.883007764816284
21.229999542236328,10.51,4.119108200073242
26.610000610351562,11.43,21.690086364746094
27.770000457763672,12.47,21.58713150024414
29.899999618530273,13.52,21.38888931274414
30.549999237060547,14.56,21.47498321533203
34.13999938964844,15.41,21.670764923095703
32.40999984741211,16.08,21.652603149414062
33.56999969482422,16.74,21.704423904418945
30.81999969482422,17.4,21.710590362548828
31.389999389648438,17.96,21.849864959716797
34.630001068115234,18.43,21.796642303466797
36.45000076293945,18.89,21.8480281829834
35.029998779296875,19.35,21.60382843017578
34.20000076293945,19.77,21.57451820373535
35.31999969482422,20.14,21.721256256103516
37.34000015258789,20.52,21.495115280151367
37.86000061035156,20.89,21.30718231201172
38.25,21.25,34.9094352722168
41.20000076293945,21.58,34.46980667114258
38.209999084472656,21.92,34.00794982910156
40.5099983215332,22.25,33.56984329223633
38.0,22.59,33.33497619628906
34.709999084472656,22.94,32.88077163696289
36.25,23.28,32.69641876220703
37.040000915527344,23.62,32.36491775512695
37.09000015258789,23.96,32.18004608154297
37.38999938964844,24.29,31.65959358215332
35.709999084472656,24.61,31.56219482421875
38.5099983215332,24.94,30.8225154876709
39.16999816894531,25.25,30.498720169067383
38.709999084472656,25.56,30.46697235107422
38.66999816894531,25.86,29.856201171875
39.90999984741211,26.17,29.284027099609375
40.79999923706055,26.48,36.984519958496094
40.900001525878906,26.8,36.44807434082031
40.709999084472656,27.12,35.87028121948242
38.849998474121094,27.44,35.247657775878906
39.630001068115234,27.68,34.80605697631836
38.310001373291016,27.83,34.13898849487305
39.619998931884766,27.99,33.89530944824219
39.70000076293945,28.15,33.45130157470703
38.18000030517578,28.17,33.07332229614258
36.849998474121094,28.04,32.39610290527344
33.47999954223633,27.92,32.24365997314453
33.86000061035156,27.79,31.38686752319336
31.219999313354492,27.49,30.933231353759766
30.750001907348633,27.03,30.81296730041504
26.590002059936523,26.56,30.10948944091797
31.219999313354492,26.09,29.476057052612305
33.29999923706055,25.44,31.51043128967285
30.839998245239258,24.61,31.20209503173828
32.060001373291016,23.79,30.845741271972656
26.599998474121094,22.96,30.471410751342773
25.469999313354492,22.06,30.181943893432617
20.020000457763672,21.08,29.665489196777344
14.179999351501465,20.1,29.6486759185791
15.860000610351562,19.12,29.455352783203125
19.469999313354492,18.24,29.16313362121582
26.8700008392334,17.46,28.714773178100586
27.850000381469727,16.68,28.721086502075195
26.51000213623047,15.9,28.1411075592041
24.940000534057617,15.22,27.916656494140625
20.979999542236328,14.63,27.880847930908203
22.329999923706055,14.04,27.307010650634766
20.3700008392334,13.45,26.93044662475586
19.100000381469727,12.96,20.1298828125
21.030000686645508,12.55,19.993724822998047
22.650001525878906,12.14,19.741497039794922
20.6200008392334,11.74,19.555065155029297
19.489999771118164,11.39,19.473129272460938
16.469999313354492,11.12,19.25629997253418
15.770001411437988,10.84,19.19746971130371
14.84000015258789,10.57,19.0810604095459
13.270000457763672,10.35,18.983102798461914
10.930000305175781,10.18,18.778841018676758
10.930000305175781,10.02,18.763893127441406
13.580000877380371,9.86,18.456560134887695
17.209999084472656,9.75,18.365428924560547
18.1299991607666,9.69,18.390626907348633
16.459999084472656,9.63,18.04374885559082
17.079999923706055,9.57,17.826841354370117
15.40999984741211,9.61,17.412742614746094
21.15999984741211,9.74,17.402950286865234
26.130001068115234,9.87,17.26242446899414
25.350000381469727,10.0,17.31956672668457
22.84000015258789,10.19,17.470191955566406
21.530000686645508,10.43,17.434925079345703
19.520000457763672,10.67,17.47578239440918
20.020000457763672,10.91,17.531984329223633
21.350000381469727,11.21,17.6527099609375
24.950000762939453,11.56,17.610942840576172
28.709999084472656,11.91,17.642454147338867
29.869998931884766,12.26,17.503463745117188
27.549999237060547,12.6,17.56214714050293
25.950002670288086,12.92,17.68817138671875
27.96999740600586,13.24,17.459640502929688
31.459999084472656,13.56,17.367252349853516
33.0,13.85,29.767704010009766
31.869998931884766,14.11,29.508636474609375
31.80999755859375,14.38,29.19349479675293
33.470001220703125,14.65,29.036304473876953
31.709999084472656,14.83,29.02878761291504
30.35999870300293,14.92,28.805315017700195
21.709999084472656,15.01,28.758026123046875
23.3799991607666,15.11,28.613813400268555
21.260000228881836,15.23,28.595529556274414
24.35999870300293,15.37,28.316747665405273
20.600000381469727,15.52,28.285810470581055
20.1200008392334,15.66,27.740339279174805
21.399999618530273,15.87,27.6219425201416
19.1200008392334,16.14,27.67369842529297
20.020000457763672,16.4,27.233509063720703
18.940000534057617,16.67,26.845510482788086
18.3799991607666,16.92,20.013267517089844
18.200000762939453,17.15,20.3057918548584
18.329999923706055,17.39,20.52446174621582
20.1299991607666,17.62,21.021181106567383
21.899999618530273,17.88,21.60050392150879
22.059999465942383,18.17,21.92967414855957
24.229999542236328,18.46,22.29878044128418
24.139999389648438,18.75,22.76726531982422
24.35000228881836,19.0,23.289152145385742
26.35000228881836,19.21,23.499975204467773
26.51999855041504,19.42,23.80257797241211
26.100000381469727,19.63,23.884862899780273
24.790000915527344,19.91,24.266422271728516
30.5,20.27,24.668798446655273
30.839998245239258,20.63,24.508235931396484
31.899999618530273,20.99,24.55026626586914
34.97999954223633,21.35,30.810670852661133
31.84000015258789,21.72,30.724597930908203
32.06999969482422,22.1,30.591123580932617
28.8700008392334,22.47,30.640811920166016
27.149999618530273,22.79,30.849449157714844
28.020000457763672,23.07,30.77695083618164
24.799999237060547,23.34,30.894954681396484
27.080001831054688,23.62,30.959102630615234
27.729997634887695,23.8,31.139888763427734
29.229999542236328,23.88,30.96373748779297
33.040000915527344,23.96,31.065387725830078
32.40999984741211,24.04,30.664688110351562
33.939998626708984,24.01,30.679855346679688
32.83000183105469,23.87,30.881914138793945
29.62000274658203,23.74,30.46077537536621
30.09000015258789,23.6,30.120967864990234
26.700000762939453,23.34,29.527202606201172
30.969999313354492,22.95,29.342578887939453
29.169998168945312,22.56,29.09067153930664
25.989999771118164,22.17,28.9044246673584
26.06999969482422,21.68,28.855159759521484
22.93000030517578,21.11,28.609272003173828
17.969999313354492,20.53,28.609397888183594
17.670000076293945,19.96,28.503385543823242
15.989999771118164,19.32,28.453840255737305
18.100000381469727,18.62,28.157644271850586
20.530000686645508,17.93,28.17421531677246
22.760000228881836,17.23,27.69533348083496
15.880000114440918,16.53,27.565649032592773
13.670000076293945,15.83,27.648069381713867
14.279999732971191,15.13,27.176742553710938
14.170000076293945,14.43,26.79301643371582
15.940000534057617,13.78,14.498805046081543
15.989999771118164,13.19,14.361756324768066
12.479999542236328,12.6,14.086175918579102
12.780000686645508,12.01,13.887166976928711
12.079999923706055,11.5,13.768167495727539
12.25999927520752,11.09,13.549885749816895
11.230000495910645,10.67,13.44290542602539
17.0,10.26,13.292330741882324
14.59000015258789,9.92,13.160115242004395
15.600000381469727,9.66,12.998808860778809
11.820000648498535,9.4,12.944931983947754
11.940000534057617,9.13,12.731362342834473
10.920000076293945,8.92,12.627482414245605
9.600000381469727,8.75,12.597487449645996
13.540000915527344,8.59,12.315679550170898
12.289999961853027,8.42,12.18440055847168
8.680000305175781,8.27,11.359781265258789
6.159999847412109,8.14,11.091456413269043
8.289999961853027,8.01,10.675865173339844
9.460000038146973,7.89,10.272734642028809
8.520000457763672,7.76,9.952439308166504
6.599999904632568,7.64,9.56911849975586
4.820000171661377,7.51,9.305907249450684
3.0399999618530273,7.39,8.966105461120605
1.7100000381469727,7.25,8.630017280578613
1.190000057220459,7.1,8.378120422363281
1.4500000476837158,6.94,8.215873718261719
0.8999999761581421,6.79,7.945786952972412
0.10999999940395355,6.61,7.697329998016357
0.5000000596046448,6.41,7.509311676025391
1.850000023841858,6.21,7.227167129516602
2.6500000953674316,6.01,7.062593460083008
3.819999933242798,5.79,3.128110647201538
4.119999885559082,5.56,3.0504050254821777
5.159999847412109,5.33,2.9120311737060547
4.849999904632568,5.1,2.7579705715179443
4.03000020980835,4.86,2.6737663745880127
3.390000104904175,4.63,2.599130630493164
1.8600000143051147,4.4,2.4952261447906494
1.5099999904632568,4.17,2.3948686122894287
0.9199999570846558,3.96,2.317629098892212
0.14000001549720764,3.75,2.3572733402252197
-0.019999993965029716,3.55,2.325687885284424
-0.12999999523162842,3.35,2.42227840423584
-0.10000000149011612,3.17,2.3671350479125977
-0.10999999940395355,3.01,2.2705581188201904
-0.10000000149011612,2.85,2.227132558822632
-0.10000000149011612,2.69,2.298849582672119
-0.10999999940395355,2.55,-0.09850169718265533
-0.10000000149011612,2.45,-0.10295620560646057
-0.14000000059604645,2.35,-0.14206825196743011
-0.10999999940395355,2.25,-0.22205042839050293
-0.11999999731779099,2.17,-0.23673182725906372
-0.10000000149011612,2.13,-0.1834685355424881
-0.10000000149011612,2.09,-0.2165437787771225
-0.11999999731779099,2.05,-0.23836658895015717
-0.10000000149011612,2.03,-0.2618691027164459
-0.12999999523162842,2.02,-0.10643695294857025
-0.10999999940395355,2.02,-0.08382096886634827
-0.11999999731779099,2.01,0.1480165421962738
-0.09000000357627869,2.0,0.1891946792602539
-0.10000000149011612,1.99,0.1300540417432785
-0.10999999940395355,1.98,0.16885943710803986
-0.10000000149011612,1.97,0.3198636472225189
-0.11999999731779099,1.95,-0.3564291000366211
-0.10999999940395355,1.91,-0.3935336768627167
-0.06000000238418579,1.87,-0.4628296494483948
0.5200000405311584,1.83,-0.5416697263717651
0.4300000071525574,1.79,-0.5382251143455505
-0.07000000029802322,1.76,-0.5529828667640686
-0.10000000149011612,1.72,-0.5828615427017212
-0.12999999523162842,1.69,-0.6757050156593323
-0.10000000149011612,1.67,-0.7487673163414001
0.06000000238418579,1.68,-0.5956941843032837
-0.06000000238418579,1.69,-0.5818516612052917
-0.04999999701976776,1.7,-0.38594186305999756
-0.10999999940395355,1.74,-0.3090049922466278
-0.10999999940395355,1.82,-0.377792626619339
-0.11999999731779099,1.91,-0.3073123097419739
-0.10999999940395355,1.99,-0.19497516751289368
-0.11999999731779099,2.09,-0.1577472686767578
-0.10000000149011612,2.23,-0.21687699854373932
-0.10999999940395355,2.36,-0.12846894562244415
-0.10000000149011612,2.49,-0.24877133965492249
-0.10000000149011612,2.64,-0.1330154538154602
-0.14000000059604645,2.79,-0.21894855797290802
0.03999998793005943,2.94,-0.18052271008491516
-0.10000000149011612,3.09,-0.24577508866786957
0.04999999701976776,3.25,-0.2495972365140915
0.06999999284744263,3.44,0.00036494838423095644
0.5899999141693115,3.62,0.14048469066619873
2.259999990463257,3.8,0.30535125732421875
2.009999990463257,4.03,0.5612609386444092
1.440000057220459,4.29,0.6180996894836426
1.25,4.55,0.8654990196228027
1.0499999523162842,4.82,0.9513557553291321
0.04999999701976776,5.14,3.435790538787842
0.019999993965029716,5.52,4.143531799316406
0.8799999952316284,5.9,4.831426620483398
5.170000076293945,6.29,5.764794826507568
6.400000095367432,6.81,6.737184524536133
14.119999885559082,7.47,7.499250411987305
16.190000534057617,8.14,8.169458389282227
20.1299991607666,8.8,9.034354209899902
16.809999465942383,9.54,9.900797843933105
17.709999084472656,10.37,10.61024284362793
21.440000534057617,11.19,11.112654685974121
21.170000076293945,12.01,11.852060317993164
21.700000762939453,12.8,12.55585765838623
26.130001068115234,13.55,13.162788391113281
24.40999984741211,14.3,13.455244064331055
24.950000762939453,15.04,13.989311218261719
23.520000457763672,15.66,25.398866653442383
24.799999237060547,16.15,25.470537185668945
25.080001831054688,16.63,25.39594268798828
22.15999984741211,17.12,25.63751792907715
20.030000686645508,17.5,26.02060317993164
22.670000076293945,17.77,26.089797973632812
20.579999923706055,18.03,26.273256301879883
23.579999923706055,18.3,26.44425392150879
24.940000534057617,18.52,26.726083755493164
29.860000610351562,18.69,26.682918548583984
28.110002517700195,18.86,26.813386917114258
30.279998779296875,19.02,26.564855575561523
30.649999618530273,19.18,26.659711837768555
28.489999771118164,19.34,26.927345275878906
30.03000259399414,19.5,26.655038833618164
33.09000015258789,19.66,26.479040145874023
30.09000015258789,19.8,32.02826690673828
28.299997329711914,19.93,31.831432342529297
26.950000762939453,20.06,31.623416900634766
27.81999969482422,20.19,31.543128967285156
31.089998245239258,20.29,31.62917137145996
32.869998931884766,20.36,31.475366592407227
34.119998931884766,20.42,31.52410316467285
32.439998626708984,20.49,31.48086166381836
34.63999938964844,20.51,31.560632705688477
29.560001373291016,20.49,31.320878982543945
30.309999465942383,20.48,31.376115798950195
30.530000686645508,20.46,30.886093139648438
29.1299991607666,20.46,30.836681365966797
33.869998931884766,20.46,30.966777801513672
33.52000045776367,20.46,30.498626708984375
33.5,20.46,30.10041046142578
30.35000228881836,20.53,33.16359329223633
31.610000610351562,20.67,33.08566665649414
30.3700008392334,20.82,32.9863166809082
33.04999923706055,20.96,32.9749641418457
34.47999954223633,21.21,33.121551513671875
35.18000030517578,21.58,32.96073913574219
36.400001525878906,21.95,33.16283416748047
35.68000030517578,22.31,33.26438903808594
34.0099983215332,22.73,33.389766693115234
35.459999084472656,23.21,33.14113998413086
38.689998626708984,23.69,33.27518081665039
35.150001525878906,24.16,32.88946533203125
39.77000045776367,24.63,32.888694763183594
38.599998474121094,25.07,33.06279373168945
36.52000045776367,25.52,32.5715446472168
40.5099983215332,25.97,32.27164840698242
37.20000076293945,26.37,38.34151077270508
39.0,26.74,38.099639892578125
37.869998931884766,27.1,37.86563491821289
36.52000045776367,27.46,37.692298889160156
37.93000030517578,27.77,37.71614456176758
39.040000915527344,28.02,37.4032096862793
39.58000183105469,28.27,37.526947021484375
41.13999938964844,28.52,37.49006271362305
39.099998474121094,28.72,37.480079650878906
37.0099983215332,28.85,37.088523864746094
38.150001525878906,28.99,37.14970779418945
35.5099983215332,29.12,36.55255126953125
38.810001373291016,29.2,36.42639923095703
37.04999923706055,29.21,36.51521301269531
41.689998626708984,29.22,35.92824172973633
40.97999954223633,29.23,35.48147201538086
40.439998626708984,29.18,39.36821746826172
41.95000076293945,29.06,39.194091796875
39.400001525878906,28.95,38.983802795410156
40.38999938964844,28.83,38.70216751098633
36.79999923706055,28.65,38.63763427734375
36.709999084472656,28.41,38.198646545410156
37.91999816894531,28.17,38.367618560791016
30.18000030517578,27.93,38.30657196044922
34.790000915527344,27.64,38.176658630371094
35.65999984741211,27.29,37.66465377807617
29.709999084472656,26.94,37.793087005615234
29.040000915527344,26.59,37.06808090209961
30.21999740600586,26.22,36.88190841674805
28.670001983642578,25.84,36.93851852416992
31.3700008392334,25.46,36.427433013916016
31.409997940063477,25.07,36.027923583984375
34.31999969482422,24.72,31.830368041992188
33.5,24.39,31.815692901611328
32.959999084472656,24.06,31.77845001220703
34.63999938964844,23.73,31.813934326171875
34.349998474121094,23.44,31.975318908691406
33.70000076293945,23.21,31.81328582763672
33.310001373291016,22.98,32.108524322509766
30.969999313354492,22.74,32.27362823486328
32.470001220703125,22.58,32.39199447631836
29.940000534057617,22.49,32.20311737060547
30.56999969482422,22.4,32.372501373291016
31.1299991607666,22.31,32.078338623046875
31.34000015258789,22.27,32.11648178100586
33.18000030517578,22.29,32.29204177856445
31.200000762939453,22.31,31.82825469970703
31.100000381469727,22.33,31.5987491607666
29.309999465942383,22.4,31.080110549926758
31.190000534057617,22.51,31.054025650024414
30.229999542236328,22.62,30.970766067504883
29.43000030517578,22.73,30.977680206298828
34.95000076293945,22.86,31.11323356628418
35.099998474121094,23.03,30.959699630737305
31.68000030517578,23.19,31.200586318969727
32.400001525878906,23.36,31.3128604888916
30.049997329711914,23.52,31.405960083007812
29.229999542236328,23.69,31.21969223022461
30.25,23.86,31.350643157958984
29.96000099182129,24.03,31.027835845947266
29.920000076293945,24.19,31.03434181213379
33.77000045776367,24.35,31.1997127532959
33.36000061035156,24.5,30.760358810424805
32.349998474121094,24.66,30.496490478515625
32.880001068115234,24.81,32.03202438354492
29.989999771118164,24.96,32.11507034301758
31.64000129699707,25.11,32.1380729675293
30.35999870300293,25.26,32.34987258911133
28.989999771118164,25.4,32.7154541015625
31.309999465942383,25.54,32.7161865234375
30.35999870300293,25.68,33.08023452758789
29.290000915527344,25.82,33.34709548950195
30.229999542236328,25.92,33.62099838256836
29.62000274658203,25.99,33.57905197143555
28.290000915527344,26.06,33.769989013671875
27.100000381469727,26.14,33.52340316772461
26.260000228881836,26.27,33.662254333496094
25.510000228881836,26.47,33.91621780395508
24.0,26.67,33.54629135131836
25.290000915527344,26.87,33.324771881103516
24.18000030517578,27.07,27.485092163085938
28.130001068115234,27.25,27.83479881286621
28.8700008392334,27.44,28.127790451049805
27.81999969482422,27.62,28.687583923339844
28.809999465942383,27.8,29.383563995361328
31.670000076293945,27.96,29.65309715270996
33.04999923706055,28.13,30.242801666259766
30.93000030517578,28.29,30.824115753173828
34.540000915527344,28.44,31.3685359954834
33.459999084472656,28.58,31.58466339111328
33.630001068115234,28.71,31.934547424316406
33.43000030517578,28.85,31.996726989746094
36.08000183105469,28.96,32.39923858642578
34.630001068115234,29.07,32.81013107299805
32.90999984741211,29.17,32.567562103271484
35.11000061035156,29.27,32.55106735229492
36.119998931884766,29.35,35.15293502807617
34.099998474121094,29.42,35.140464782714844
32.77000045776367,29.48,35.087982177734375
32.86000061035156,29.55,35.104000091552734
36.40999984741211,29.6,35.32001876831055
33.86000061035156,29.62,35.15492630004883
34.77000045776367,29.65,35.460872650146484
35.5099983215332,29.68,35.59196853637695
30.759998321533203,29.69,35.69630432128906
30.729999542236328,29.68,35.505882263183594
32.0099983215332,29.67,35.68464660644531
27.96999740600586,29.67,35.232879638671875
30.56999969482422,29.64,35.251590728759766
32.88999938964844,29.59,35.415042877197266
27.989999771118164,29.55,35.013370513916016
30.309999465942383,29.51,34.690670013427734
30.6299991607666,29.45,30.358013153076172
30.93000030517578,29.37,30.186750411987305
29.040000915527344,29.29,29.992218017578125
32.130001068115234,29.21,29.836383819580078
33.900001525878906,29.11,29.815168380737305
32.529998779296875,29.0,29.556228637695312
30.270002365112305,28.89,29.685239791870117
32.560001373291016,28.77,29.63327980041504
32.689998626708984,28.64,29.610239028930664
34.619998931884766,28.5,29.368558883666992
35.77000045776367,28.35,29.41631507873535
33.380001068115234,28.21,29.02975082397461
34.13999938964844,28.06,28.917943954467773
33.400001525878906,27.89,28.972572326660156
32.93000030517578,27.73,28.49346923828125
34.63999938964844,27.56,28.161964416503906
34.689998626708984,27.4,33.876869201660156
32.709999084472656,27.23,33.641387939453125
32.310001373291016,27.06,33.37480163574219
30.6299991607666,26.89,33.14251708984375
29.739999771118164,26.73,33.0623779296875
24.459997177124023,26.57,32.71354675292969
24.130001068115234,26.41,32.79263687133789
22.049999237060547,26.26,32.689361572265625
24.899999618530273,26.11,32.597267150878906
19.43000030517578,25.98,32.2451286315918
17.93000030517578,25.85,32.26105499267578
17.850000381469727,25.72,31.733884811401367
18.989999771118164,25.6,31.565629959106445
14.770001411437988,25.51,31.605018615722656
15.170000076293945,25.42,31.067852020263672
16.469999313354492,25.33,30.66438865661621
18.459999084472656,25.27,18.128931045532227
21.110000610351562,25.23,18.44923210144043
17.020000457763672,25.19,18.71576499938965
20.969999313354492,25.15,19.170774459838867
21.5,25.13,19.671186447143555
20.84000015258789,25.14,19.95728874206543
17.729999542236328,25.14,20.421796798706055
23.68000030517578,25.14,20.89387321472168
21.899999618530273,25.16,21.331518173217773
25.62000274658203,25.2,21.587642669677734
28.170000076293945,25.23,21.88780403137207
28.8700008392334,25.27,22.094133377075195
30.610000610351562,25.31,22.47187042236328
29.209999084472656,25.36,22.809467315673828
29.409997940063477,25.42,22.643930435180664
26.729999542236328,25.47,22.729190826416016
23.760000228881836,25.52,26.561372756958008
24.260000228881836,25.58,26.587337493896484
25.400001525878906,25.64,26.56342887878418
25.459999084472656,25.7,26.67974853515625
26.25,25.75,26.946231842041016
22.0,25.81,26.989032745361328
21.979999542236328,25.86,27.19510269165039
21.040000915527344,25.91,27.363422393798828
22.209999084472656,25.95,27.604026794433594
18.56999969482422,25.99,27.554292678833008
19.110000610351562,26.02,27.692615509033203
17.3799991607666,26.06,27.478534698486328
13.459999084472656,26.08,27.594785690307617
11.130000114440918,26.09,27.809518814086914
9.100000381469727,26.1,27.48497772216797
13.720000267028809,26.11,27.31068229675293
12.59000015258789,26.1,14.742533683776855
12.640000343322754,26.08,14.934958457946777
13.5600004196167,26.06,15.118452072143555
12.489999771118164,26.04,15.412315368652344
11.6899995803833,25.99,15.785686492919922
12.700000762939453,25.93,15.992265701293945
14.850001335144043,25.87,16.307077407836914
12.170000076293945,25.81,16.654909133911133
9.279999732971191,25.73,17.00212287902832
8.329999923706055,25.62,17.208892822265625
10.539999961853027,25.51,17.431758880615234
-0.1599999964237213,25.4,17.630104064941406
4.599999904632568,25.27,17.925601959228516
3.109999895095825,25.11,18.164283752441406
3.190000057220459,24.94,17.989063262939453
6.260000228881836,24.78,18.05194854736328
4.949999809265137,24.59,6.256420612335205
3.549999952316284,24.37,6.363749980926514
1.5299999713897705,24.15,6.428436756134033
0.46000000834465027,23.93,6.594566822052002
0.20000003278255463,23.67,6.847333908081055
0.1899999976158142,23.38,7.028271198272705
1.5499999523162842,23.09,7.142537593841553
0.14000001549720764,22.79,7.350402355194092
-0.15000000596046448,22.47,7.598388195037842
-0.10999999940395355,22.13,7.801851749420166
1.159999966621399,21.79,7.919683456420898
1.5,21.45,8.156058311462402
3.5999999046325684,21.09,8.385716438293457
1.940000057220459,20.71,8.506806373596191
1.4600000381469727,20.34,8.450700759887695
4.650000095367432,19.97,8.599935531616211
2.950000047683716,19.58,4.810009479522705
3.259999990463257,19.19,4.684884548187256
2.190000057220459,18.79,4.525738716125488
3.059999942779541,18.4,4.380945682525635
3.8299999237060547,18.0,4.326350688934326
4.380000114440918,17.6,4.2386908531188965
5.050000190734863,17.2,4.119133472442627
3.940000057220459,16.79,3.998748540878296
3.0,16.39,3.9637515544891357
2.6600000858306885,15.99,3.985196352005005
2.390000104904175,15.59,3.9522178173065186
2.2100000381469727,15.19,4.007213115692139
1.3300000429153442,14.79,3.9572222232818604
0.64000004529953,14.41,3.8726418018341064
0.04999999701976776,14.02,3.7941062450408936
0.2199999988079071,13.63,3.8297743797302246
-0.010000007227063179,13.25,0.751390814781189
-0.019999993965029716,12.88,0.6677119135856628
0.06999999284744263,12.52,0.5440003275871277
-0.07999999821186066,12.15,0.3478472828865051
-0.10999999940395355,11.8,0.19324441254138947
-0.10999999940395355,11.46,0.10406021028757095
-0.07999999821186066,11.12,-0.019639112055301666
-0.10000000149011612,10.78,-0.13778136670589447
-0.10000000149011612,10.46,-0.23829638957977295
-0.10000000149011612,10.16,-0.17730841040611267
-0.09000000357627869,9.87,-0.20358775556087494
-0.03999998793005943,9.57,-0.06526153534650803
-0.010000007227063179,9.3,-0.10379231721162796
1.0800000429153442,9.05,-0.2132558822631836
0.6500000357627869,8.8,-0.22798295319080353
0.64000004529953,8.55,-0.11010236293077469
0.7300000190734863,8.32,0.27679455280303955
1.6399999856948853,8.12,0.1968553066253662
0.4399999976158142,7.91,0.15127649903297424
0.3499999940395355,7.71,-0.03548985719680786
1.100000023841858,7.52,-0.11007919162511826
1.0399999618530273,7.36,-0.19363000988960266
0.8899999856948853,7.2,-0.21504941582679749
1.0499999523162842,7.04,-0.37056607007980347
0.3199999928474426,6.9,-0.438963919878006
-0.030000001192092896,6.78,-0.33564820885658264
-0.09000000357627869,6.66,-0.278826504945755
-0.11999999731779099,6.54,-0.16241030395030975
-0.09000000357627869,6.44,-0.06001316383481026
-0.10000000149011612,6.35,-0.1591680496931076
-0.07999999821186066,6.27,-0.12912380695343018
-0.10000000149011612,6.19,0.011918595060706139
-0.09000000357627869,6.12,0.504591166973114
-0.09000000357627869,6.07,0.5096337795257568
-0.10999999940395355,6.02,0.4625898599624634
-0.10000000149011612,5.97,0.38671058416366577
-0.10999999940395355,5.94,0.4105531573295593
-0.10000000149011612,5.92,0.4702886641025543
-0.09000000357627869,5.9,0.46200451254844666
-0.07000000029802322,5.88,0.4186185598373413
-0.10000000149011612,5.88,0.3635480999946594
-0.10999999940395355,5.89,0.5180255770683289
-0.10000000149011612,5.9,0.5527178645133972
-0.019999993965029716,5.91,0.7623945474624634
-0.09000000357627869,5.93,0.8590124845504761
-0.10000000149011612,5.96,0.7805410027503967
-0.10000000149011612,5.99,0.8615719079971313
-0.10000000149011612,6.02,0.9825938940048218
-0.10999999940395355,6.05,0.1513555496931076
-0.09000000357627869,6.09,0.1151089146733284
-0.10000000149011612,6.14,0.013118593953549862
-0.09000000357627869,6.18,-0.02905306965112686
-0.10000000149011612,6.22,0.04740066081285477
-0.10000000149011612,6.27,0.036385342478752136
-0.14000000059604645,6.31,0.027161505073308945
-0.10000000149011612,6.36,-0.09375280886888504
-0.10999999940395355,6.4,-0.22020919620990753
-0.10000000149011612,6.44,-0.0628533661365509
-0.10000000149011612,6.48,-0.062387265264987946
-0.09000000357627869,6.52,0.12424348294734955
-0.09000000357627869,6.56,0.25682252645492554
-0.09000000357627869,6.58,0.18521171808242798
-0.10999999940395355,6.61,0.26319047808647156
-0.09000000357627869,6.64,0.33592429757118225
-0.10000000149011612,6.66,0.4399704933166504
-0.10999999940395355,6.66,0.3463631272315979
-0.10999999940395355,6.67,0.6844158172607422
-0.09000000357627869,6.68,0.6329467296600342
-0.10000000149011612,6.68,0.39680802822113037
-0.10999999940395355,6.67,0.31620436906814575
-0.09000000357627869,6.66,0.45543211698532104
-0.09000000357627869,6.65,0.5669931173324585
-0.10999999940395355,6.64,0.3638104498386383
0.09999999403953552,6.62,0.6944444179534912
-0.09000000357627869,6.6,0.38168230652809143
0.27000001072883606,6.58,0.8757020235061646
0.1599999964237213,6.56,0.6345937252044678
-0.09000000357627869,6.54,1.0052180290222168
-0.07999999821186066,6.52,1.1011579036712646
0.1899999976158142,6.5,0.9621359705924988
0.7799999713897705,6.14,0.7066215872764587
0.16999998688697815,6.29,1.0572949647903442
0.010000007227063179,6.45,1.4968384504318237
0.10999999940395355,6.61,2.35286808013916
0.9399999380111694,6.67,3.208275318145752
1.159999966621399,6.63,3.9081428050994873
1.4199999570846558,6.58,4.367284297943115
1.0700000524520874,6.54,5.022790908813477
1.8899999856948853,6.6,5.785933971405029
3.180000066757202,6.75,6.5539231300354
3.359999895095825,6.9,7.074393272399902
2.990000009536743,7.05,7.7011613845825195
1.440000057220459,7.37,8.599446296691895
1.5099999904632568,7.87,9.121810913085938
1.8799999952316284,8.37,9.479472160339355
2.6500000953674316,8.86,9.913323402404785
3.309999942779541,9.63,4.257739543914795
2.200000047683716,10.66,4.583006858825684
3.7899999618530273,11.7,4.8866190910339355
4.559999942779541,12.73,5.355589866638184
4.590000152587891,13.64,5.942413806915283
7.840000152587891,14.43,6.407811164855957
13.15999984741211,15.21,6.725088119506836
19.709999084472656,16.0,7.186452865600586
19.829999923706055,16.52,7.673891544342041
16.950000762939453,16.77,8.12154769897461
16.18000030517578,17.01,8.394948959350586
19.829999923706055,17.26,8.846283912658691
15.860000610351562,17.33,9.236228942871094
15.299999237060547,17.21,9.553454399108887
11.140000343322754,17.09,9.687336921691895
13.810001373291016,16.97,10.015998840332031
12.270000457763672,16.91,14.695247650146484
13.449999809265137,16.91,14.73840618133545
13.039999961853027,16.92,14.678555488586426
14.949999809265137,16.92,14.77367115020752
13.40999984741211,16.86,14.967711448669434
11.880000114440918,16.75,14.991626739501953
10.0600004196167,16.64,15.087454795837402
10.09000015258789,16.52,15.19074821472168
13.029999732971191,16.44,15.350702285766602
15.89000129699707,16.39,15.37120246887207
17.8700008392334,16.35,15.457228660583496
19.43000030517578,16.3,15.427275657653809
21.600000381469727,16.25,15.513614654541016
17.280000686645508,16.21,15.655787467956543
16.65999984741211,16.16,15.45386791229248
14.010000228881836,16.12,15.43011474609375
15.079999923706055,16.02,12.806995391845703
14.019999504089355,15.86,12.726685523986816
8.989999771118164,15.71,12.51899242401123
9.859999656677246,15.55,12.405478477478027
7.549999713897705,15.42,12.404608726501465
6.770000457763672,15.29,12.29106616973877
6.71999979019165,15.17,12.225129127502441
7.519999980926514,15.05,12.133831977844238
5.840000152587891,14.93,12.111343383789062
7.980000019073486,14.81,12.010494232177734
8.3100004196167,14.69,12.003437042236328
8.619999885559082,14.57,11.880531311035156
8.5,14.41,11.814343452453613
8.289999961853027,14.22,11.841769218444824
4.900000095367432,14.03,11.638643264770508
5.890000343322754,13.83,11.573881149291992
5.87000036239624,13.81,5.954986572265625
5.070000171661377,13.95,6.136783599853516
7.239999771118164,14.09,6.2785868644714355
9.069999694824219,14.24,6.574063777923584
9.5600004196167,14.41,6.954904556274414
10.579999923706055,14.6,7.259635925292969
9.609999656677246,14.8,7.440816879272461
8.90999984741211,14.99,7.727365493774414
9.8100004196167,15.19,8.091635704040527
8.520000457763672,15.4,8.37299633026123
8.760000228881836,15.61,8.552180290222168
10.140000343322754,15.82,8.84921646118164
10.319999694824219,16.04,9.13352108001709
8.529999732971191,16.27,9.342205047607422
7.71999979019165,16.51,9.362098693847656
7.830000400543213,16.74,9.575587272644043
7.430000305175781,16.99,8.209587097167969
11.340001106262207,17.24,8.24500560760498
10.65999984741211,17.5,8.22015380859375
13.130000114440918,17.75,8.291496276855469
10.829999923706055,18.04,8.478240013122559
11.100000381469727,18.36,8.558403015136719
9.09000015258789,18.67,8.603947639465332
11.140000343322754,18.99,8.698896408081055
8.4399995803833,19.12,8.850573539733887
9.989999771118164,19.08,8.957443237304688
10.399999618530273,19.03,9.031688690185547
9.210000038146973,18.99,9.143536567687988
12.479999542236328,18.78,9.26297378540039
12.770001411437988,18.4,9.356799125671387
15.239999771118164,18.02,9.275774002075195
18.200000762939453,17.64,9.361067771911621
20.540000915527344,18.06,18.81443214416504
20.760000228881836,18.14,18.94598388671875
21.489999771118164,18.21,19.003393173217773
17.68000030517578,18.28,19.374282836914062
18.639999389648438,18.31,19.86005210876465
22.149999618530273,18.31,20.099124908447266
19.06999969482422,18.31,20.349613189697266
17.020000457763672,18.3,20.627721786499023
17.920000076293945,18.21,21.03394889831543
16.079999923706055,18.04,21.1844539642334
17.520000457763672,17.86,21.382490158081055
21.280000686645508,17.69,21.39002799987793
19.920000076293945,17.57,21.61547088623047
21.260000228881836,17.5,21.916244506835938
23.06999969482422,17.43,21.780254364013672
18.760000228881836,17.36,21.766868591308594
19.559999465942383,17.25,18.274805068969727
18.309999465942383,17.1,18.400850296020508
15.829999923706055,16.94,18.4189395904541
19.860000610351562,16.79,18.651674270629883
23.610000610351562,16.77,18.99318504333496
25.18000030517578,16.88,19.144563674926758
27.549999237060547,17.0,19.323368072509766
24.81999969482422,17.11,19.552248001098633
20.43000030517578,17.16,19.876617431640625
20.1200008392334,17.14,19.930524826049805
18.200000762939453,17.13,20.101423263549805
13.550000190734863,17.11,20.06440544128418
15.640000343322754,17.17,20.264604568481445
14.139999389648438,17.3,20.525537490844727
20.56999969482422,17.43,20.32965850830078
17.829999923706055,17.56,20.31956672668457
19.399999618530273,17.73,17.991069793701172
21.65999984741211,17.92,18.136510848999023
17.940000534057617,18.11,18.17037582397461
17.670000076293945,18.3,18.424259185791016
16.829999923706055,18.58,18.75577735900879
11.970000267028809,18.93,18.884347915649414
12.550000190734863,19.29,19.098365783691406
13.940000534057617,19.65,19.34238624572754
9.90999984741211,19.89,19.642292022705078
8.949999809265137,20.03,19.704486846923828
10.9399995803833,20.17,19.87778091430664
9.979999542236328,20.3,19.868078231811523
9.0,20.44,20.063352584838867
7.890000343322754,20.58,20.320354461669922
7.609999656677246,20.72,20.115753173828125
5.920000076293945,20.86,20.09619140625
6.039999961853027,20.97,7.052861213684082
5.360000133514404,21.05,7.172056198120117
7.350000381469727,21.12,7.14735221862793
6.669999599456787,21.2,7.240775108337402
8.779999732971191,21.14,7.400178909301758
8.260000228881836,20.96,7.471159934997559
8.050000190734863,20.77,7.551738262176514
10.069999694824219,20.58,7.668020725250244
7.490000247955322,20.47,7.774002552032471
7.390000343322754,20.44,7.8800249099731445
8.729999542236328,20.41,7.966759204864502
13.350000381469727,20.38,8.113790512084961
10.229999542236328,20.43,8.22562313079834
13.449999809265137,20.54,8.335338592529297
15.75,20.65,8.261659622192383
12.569999694824219,20.76,8.375528335571289
16.010000228881836,20.95,11.907510757446289
15.179999351501465,21.2,12.115448951721191
14.059999465942383,21.46,12.220417022705078
14.660000801086426,21.72,12.562982559204102
17.920000076293945,22.04,13.004572868347168
18.170000076293945,22.42,13.312018394470215
14.350000381469727,22.8,13.521350860595703
12.660000801086426,23.18,13.850857734680176
14.920000076293945,23.53,14.283321380615234
11.050000190734863,23.84,14.495728492736816
12.540000915527344,24.15,14.70840835571289
14.700000762939453,24.46,14.898931503295898
15.399999618530273,24.54,15.220208168029785
18.1299991607666,24.41,15.507065773010254
14.010000228881836,24.27,15.450637817382812
13.239999771118164,24.13,15.589396476745605
16.170000076293945,23.9,13.848666191101074
18.850000381469727,23.56,13.94772720336914
22.720001220703125,23.23,13.948444366455078
24.599998474121094,22.89,14.112027168273926
25.709999084472656,22.39,14.381715774536133
23.62000274658203,21.72,14.510368347167969
20.770000457763672,21.06,14.637242317199707
26.67999839782715,20.39,14.811915397644043
25.350000381469727,19.79,15.063155174255371
26.40999984741211,19.25,15.13748836517334
23.78999900817871,18.72,15.276521682739258
26.56999969482422,18.19,15.314504623413086
23.75,17.65,15.482096672058105
25.96999740600586,17.11,15.674482345581055
26.389999389648438,16.57,15.509540557861328
32.34000015258789,16.03,15.545479774475098
30.51000213623047,17.78,30.154346466064453
26.910001754760742,17.23,29.46006202697754
19.610000610351562,16.69,28.760255813598633
13.449999809265137,16.14,27.94459342956543
22.8700008392334,15.47,27.289186477661133
25.579999923706055,14.69,26.555490493774414
20.06999969482422,13.9,26.092159271240234
21.860000610351562,13.11,25.422975540161133
20.639999389648438,12.39,24.86311912536621
16.479999542236328,11.76,24.119895935058594
18.1200008392334,11.12,23.883882522583008
20.6200008392334,10.49,23.006887435913086
20.010000228881836,10.0,22.435937881469727
23.569997787475586,9.67,22.15616798400879
22.670000076293945,9.34,21.440265655517578
24.40999984741211,9.01,20.834552764892578
23.010000228881836,8.72,22.70713996887207
23.32000160217285,8.48,22.149005889892578
20.1299991607666,8.24,21.475322723388672
16.190000534057617,8.0,20.742847442626953
9.890000343322754,7.85,20.14229965209961
8.0,7.77,19.4547176361084
7.810000419616699,7.69,19.005128860473633
9.65999984741211,7.61,18.39537239074707
10.289999961853027,7.56,17.832250595092773
8.970000267028809,7.52,17.20537757873535
5.890000343322754,7.48,16.96733283996582
7.910000324249268,7.44,16.271739959716797
13.489999771118164,7.36,15.755324363708496
12.550000190734863,7.24,15.473787307739258
13.620000839233398,7.11,14.897578239440918
12.569999694824219,6.99,14.439498901367188
11.260001182556152,6.78,9.484463691711426
10.3100004196167,6.51,9.134825706481934
14.660000801086426,6.23,8.613614082336426
5.550000190734863,5.95,8.086419105529785
7.930000305175781,5.69,7.647616863250732
4.849999904632568,5.44,7.12635612487793
1.4199999570846558,5.19,6.746945381164551
0.9700000286102295,4.95,6.2733235359191895
0.2800000011920929,4.73,5.829415798187256
0.6599999666213989,4.56,5.4914727210998535
1.9299999475479126,4.38,5.264926433563232
2.7200000286102295,4.21,4.962057113647461
1.6799999475479126,4.11,4.572954177856445
2.319999933242798,4.09,4.289121627807617
1.2999999523162842,4.07,3.9926040172576904
0.8899999856948853,4.04,3.7912960052490234
0.7300000190734863,4.08,2.038320541381836
0.36000001430511475,4.19,2.1511306762695312
1.7200000286102295,4.29,2.199681043624878
2.440000057220459,4.4,2.301002264022827
3.950000047683716,4.51,2.438060998916626
4.449999809265137,4.63,2.5799334049224854
4.829999923706055,4.75,2.6550419330596924
3.4200000762939453,4.87,2.7794575691223145
4.289999961853027,5.0,2.925554037094116
2.9600000381469727,5.13,3.1232519149780273
3.559999942779541,5.27,3.2309534549713135
3.5999999046325684,5.41,3.507683515548706
2.9200000762939453,5.52,3.6490516662597656
2.6700000762939453,5.61,3.717186450958252
1.1200000047683716,5.7,3.7533786296844482
1.2000000476837158,5.78,3.953564405441284
1.1399999856948853,5.9,2.4569952487945557
1.559999942779541,6.06,2.3732707500457764
2.190000057220459,6.21,2.2225465774536133
2.940000057220459,6.36,2.047179937362671
2.7899999618530273,6.54,1.953231692314148
2.5399999618530273,6.74,1.8721027374267578
2.5,6.95,1.7444143295288086
3.359999895095825,7.15,1.6330325603485107
5.309999942779541,7.41,1.551052451133728
8.369999885559082,7.71,1.5799109935760498
11.960000038146973,8.02,1.5417338609695435
14.59000015258789,8.33,1.6449254751205444
13.199999809265137,8.8,1.5956560373306274
14.640000343322754,9.43,1.4948745965957642
16.5,10.07,1.440264105796814
14.329999923706055,10.7,1.524986982345581
15.210000038146973,11.5,15.994041442871094
15.4399995803833,12.47,16.579944610595703
17.600000381469727,13.44,17.154830932617188
20.65999984741211,14.4,18.219463348388672
18.170000076293945,15.72,19.381216049194336
16.3700008392334,17.39,20.247074127197266
19.229999542236328,19.06,20.880090713500977
18.3700008392334,20.74,21.750774383544922
20.229999542236328,22.22,22.860271453857422
22.559999465942383,23.52,23.43674659729004
24.809999465942383,24.82,23.914287567138672
27.64000129699707,26.12,24.37582778930664
27.560001373291016,27.06,25.067264556884766
28.119998931884766,27.64,25.751174926757812
26.860000610351562,28.22,25.8349552154541
28.149999618530273,28.8,26.144855499267578
30.65999984741211,31.25,29.042320251464844
30.709999084472656,31.26,29.085651397705078
27.829999923706055,31.28,29.07196044921875
28.8700008392334,31.29,29.31238555908203
30.40999984741211,31.24,29.711332321166992
32.34000015258789,31.12,29.809629440307617
33.189998626708984,31.01,30.031801223754883
34.220001220703125,30.9,30.24878692626953
34.599998474121094,30.85,30.5604305267334
33.81999969482422,30.86,30.525007247924805
32.470001220703125,30.88,30.687824249267578
33.93000030517578,30.9,30.38962173461914
33.70000076293945,30.86,30.546411514282227
32.68000030517578,30.75,30.823278427124023
32.970001220703125,30.65,30.492616653442383
31.450000762939453,30.55,30.25849151611328
30.260000228881836,30.62,32.27663040161133
31.06999969482422,30.86,32.28439712524414
28.979999542236328,31.1,32.22195053100586
26.959999084472656,31.34,32.145870208740234
23.78999900817871,31.5,32.21486282348633
30.739999771118164,31.57,31.993467330932617
28.40999984741211,31.64,32.25334930419922
28.809999465942383,31.72,32.350643157958984
25.600000381469727,31.85,32.360870361328125
22.889999389648438,32.03,32.077125549316406
23.34000015258789,32.22,32.25224685668945
26.149999618530273,32.41,31.81671905517578
28.299997329711914,32.7,31.789413452148438
31.149999618530273,33.07,31.9337100982666
30.950000762939453,33.44,31.533180236816406
28.450000762939453,33.82,31.303150177001953
24.119998931884766,34.04,29.121665954589844
25.709999084472656,34.12,29.25217056274414
23.290000915527344,34.2,29.296445846557617
25.190000534057617,34.28,29.539072036743164
27.450000762939453,34.4,29.92225456237793
25.739999771118164,34.55,29.98265838623047
26.119998931884766,34.71,30.329133987426758
24.700000762939453,34.86,30.616382598876953
22.049999237060547,34.97,30.914899826049805
22.910001754760742,35.04,30.90642738342285
22.31999969482422,35.11,31.09213638305664
22.1299991607666,35.18,30.900419235229492
23.030000686645508,35.2,31.057863235473633
26.8799991607666,35.18,31.330102920532227
30.299997329711914,35.15,31.00788116455078
32.650001525878906,35.13,30.836612701416016
33.650001525878906,35.13,32.58774948120117
35.2400016784668,35.14,32.54869079589844
34.779998779296875,35.15,32.519168853759766
32.349998474121094,35.16,32.668174743652344
34.38999938964844,35.13,32.97562789916992
32.869998931884766,35.05,32.94708251953125
35.880001068115234,34.97,33.267845153808594
35.689998626708984,34.89,33.449913024902344
33.79999923706055,34.82,33.67452621459961
34.47999954223633,34.76,33.636775970458984
35.83000183105469,34.69,33.78419876098633
36.880001068115234,34.63,33.45344543457031
38.470001220703125,34.55,33.564605712890625
39.0,34.45,33.75083541870117
39.08000183105469,34.34,33.37577819824219
39.33000183105469,34.24,33.1100959777832
40.43000030517578,34.13,38.76399612426758
40.08000183105469,33.99,38.36723327636719
40.40999984741211,33.86,37.94916534423828
40.97999954223633,33.73,37.450927734375
40.869998931884766,33.61,37.133148193359375
38.7599983215332,33.5,36.57481384277344
37.310001373291016,33.39,36.54931640625
39.31999969482422,33.28,36.25782775878906
38.279998779296875,33.11,35.96809005737305
39.45000076293945,32.88,35.36939239501953
40.4900016784668,32.64,35.32834243774414
40.9900016784668,32.41,34.54126739501953
39.779998779296875,32.3,34.173885345458984
40.349998474121094,32.33,34.1060676574707
39.16999816894531,32.35,33.481380462646484
40.150001525878906,32.38,32.96297073364258
40.31999969482422,32.55,40.31113815307617
38.79999923706055,32.87,40.12416076660156
36.97999954223633,33.19,39.88758087158203
38.84000015258789,33.51,39.60972213745117
37.11000061035156,33.8,39.50407028198242
37.540000915527344,34.06,39.080535888671875
35.93000030517578,34.32,39.228553771972656
35.56999969482422,34.58,39.158599853515625
37.209999084472656,34.71,39.02192306518555
25.350000381469727,34.71,38.486087799072266
26.899999618530273,34.71,38.569366455078125
28.110002517700195,34.71,37.84870147705078
37.04999923706055,34.53,37.631046295166016
35.9900016784668,34.15,37.701236724853516
33.36000061035156,33.78,37.1463623046875
32.38999938964844,33.4,36.714088439941406
32.349998474121094,32.7,31.809558868408203
29.48999786376953,32.07,31.512676239013672
32.91999816894531,31.45,31.15268898010254
34.65999984741211,30.83,30.631330490112305
35.220001220703125,30.24,30.249073028564453
34.36000061035156,29.68,29.647232055664062
35.45000076293945,29.12,29.64524269104004
34.0,28.56,29.373390197753906
30.93000030517578,28.04,28.999067306518555
19.670000076293945,27.56,28.428993225097656
23.96999740600586,27.09,28.446290969848633
17.940000534057617,26.61,27.80584716796875
14.620000839233398,26.16,27.474233627319336
12.770001411437988,25.75,27.359554290771484
20.3700008392334,25.33,26.81301498413086
14.760000228881836,24.92,26.47455596923828
17.59000015258789,24.68,16.78426742553711
22.56999969482422,24.62,16.76325225830078
23.010000228881836,24.55,16.632640838623047
15.540000915527344,24.49,16.413780212402344
25.59000015258789,24.34,16.221776962280273
20.81999969482422,24.09,15.875747680664062
22.639999389648438,23.84,15.996647834777832
20.809999465942383,23.59,15.96324634552002
21.469999313354492,23.41,15.71607494354248
23.389999389648438,23.28,15.499128341674805
19.760000228881836,23.16,15.559335708618164
17.520000457763672,23.03,15.452461242675781
17.670000076293945,22.98,15.348299026489258
23.450000762939453,23.0,15.311108589172363
19.100000381469727,23.01,14.932861328125
11.369999885559082,23.03,14.889215469360352
14.529999732971191,22.92,13.230751037597656
20.469999313354492,22.67,13.570186614990234
5.6999993324279785,22.42,13.790066719055176
2.700000047683716,22.18,14.121743202209473
3.630000114440918,21.92,14.514421463012695
2.4200000762939453,21.64,14.759206771850586
4.800000190734863,21.36,15.095743179321289
6.149999618530273,21.08,15.499543190002441
11.880000114440918,20.78,15.856268882751465
12.379999160766602,20.45,16.043127059936523
10.210000038146973,20.11,16.287250518798828
11.279999732971191,19.78,16.538015365600586
7.579999923706055,19.57,16.83978843688965
1.8600000143051147,19.47,17.146137237548828
3.569999933242798,19.38,17.005905151367188
7.619999885559082,19.28,17.139320373535156
12.170000076293945,19.25,7.487553596496582
22.489999771118164,19.29,7.737908840179443
23.400001525878906,19.33,7.890747547149658
23.989999771118164,19.36,8.18596363067627
24.279998779296875,19.24,8.53012752532959
22.720001220703125,18.95,8.811752319335938
23.6299991607666,18.66,9.030433654785156
14.949999809265137,18.38,9.372902870178223
23.989999771118164,18.1,9.694979667663574
14.149998664855957,17.83,9.947380065917969
15.229998588562012,17.56,10.142977714538574
11.640000343322754,17.28,10.432619094848633
15.5600004196167,17.08,10.794919967651367
14.359999656677246,16.93,10.994418144226074
11.720000267028809,16.79,10.941417694091797
22.1299991607666,16.65,11.144354820251465
26.799999237060547,16.58,21.3946590423584
33.97999954223633,16.59,21.100797653198242
27.880001068115234,16.61,20.75385856628418
24.590002059936523,16.62,20.371158599853516
25.400001525878906,16.86,20.06653594970703
27.089998245239258,17.34,19.644527435302734
24.389999389648438,17.81,19.538061141967773
24.540000915527344,18.29,19.294498443603516
23.260000228881836,18.91,19.0153751373291
20.1299991607666,19.68,18.69776725769043
17.959999084472656,20.44,18.635862350463867
18.350000381469727,21.21,18.2846736907959
18.75,21.81,18.08219337463379
16.030000686645508,22.27,17.958763122558594
17.440000534057617,22.72,17.49049949645996
15.75,23.17,17.22667694091797
17.1299991607666,23.38,16.757102966308594
15.949999809265137,23.34,16.70431137084961
19.899999618530273,23.31,16.548969268798828
23.400001525878906,23.27,16.401376724243164
25.270000457763672,23.07,16.342180252075195
22.899999618530273,22.69,16.152923583984375
20.899999618530273,22.32,16.176742553710938
16.84000015258789,21.95,16.141420364379883
15.019999504089355,21.6,16.07062339782715
12.219999313354492,21.29,15.93124771118164
10.789999961853027,20.97,15.958328247070312
8.579999923706055,20.66,15.841083526611328
6.920000076293945,20.4,15.781898498535156
8.640000343322754,20.19,15.810833930969238
7.069999694824219,19.99,15.480753898620605
10.479999542236328,19.78,15.351557731628418
13.569999694824219,21.9,10.362847328186035
17.479999542236328,21.19,10.09976577758789
15.059999465942383,20.47,9.737141609191895
13.069999694824219,19.75,9.338017463684082
11.920000076293945,18.98,9.01219367980957
11.239999771118164,18.15,8.6812744140625
9.300000190734863,17.32,8.434277534484863
11.710000038146973,16.49,8.114498138427734
13.350000381469727,15.79,7.816514015197754
13.170000076293945,15.19,7.593857288360596
9.640000343322754,14.6,7.462711334228516
8.449999809265137,14.01,7.259683609008789
5.679999351501465,13.49,7.037181377410889
4.860000133514404,13.04,6.8371148109436035
5.269999980926514,12.59,6.534573554992676
4.199999809265137,12.14,6.388535976409912
6.21999979019165,11.78,5.357429027557373
6.460000038146973,11.49,5.446565628051758
8.079999923706055,11.21,5.39626407623291
6.260000228881836,10.93,5.420556545257568
5.630000114440918,10.71,5.515698432922363
5.0,10.55,5.5485148429870605
5.860000133514404,10.4,5.555949687957764
6.320000171661377,10.25,5.642786502838135
3.640000104904175,10.16,5.700232982635498
1.4600000381469727,10.16,5.7792840003967285
3.5899999141693115,10.15,5.817721366882324
6.559999942779541,10.14,5.97300386428833
5.46999979019165,10.18,6.09877872467041
2.440000057220459,10.28,6.132547855377197
3.9700000286102295,10.38,6.035999774932861
3.950000047683716,10.48,6.1609086990356445
3.4800000190734863,10.66,4.702564239501953
3.5899999141693115,10.91,4.773452281951904
4.289999961853027,11.17,4.753368854522705
7.189999580383301,11.42,4.816206932067871
6.549999713897705,11.66,4.970982551574707
5.460000038146973,11.87,5.0576558113098145
6.189999580383301,12.08,5.071959018707275
8.069999694824219,12.29,5.166903972625732
7.970000267028809,12.57,5.296849250793457
6.390000343322754,12.91,5.415826797485352
6.450000286102295,13.24,5.456760406494141
4.829999923706055,13.58,5.652489185333252
5.010000228881836,13.86,5.781233787536621
6.579999923706055,14.08,5.83176851272583
10.739999771118164,14.31,5.785438060760498
10.579999923706055,14.54,5.91758918762207
10.350000381469727,14.82,10.971585273742676
11.470000267028809,15.16,10.86031723022461
11.760000228881836,15.51,10.662398338317871
8.399999618530273,15.85,10.559121131896973
12.229998588562012,16.03,10.540719985961914
8.079999923706055,16.06,10.468934059143066
6.659999847412109,16.08,10.384312629699707
7.649999618530273,16.1,10.303048133850098
6.039999961853027,16.13,10.280620574951172
6.2900004386901855,16.15,10.24237060546875
6.850000381469727,16.17,10.188411712646484
5.630000114440918,16.2,10.110160827636719
6.7099995613098145,16.19,10.075054168701172
6.069999694824219,16.16,10.040608406066895
6.139999866485596,16.12,9.858809471130371
7.910000324249268,16.09,9.807900428771973
8.4399995803833,16.07,7.936245441436768
6.810000419616699,16.08,7.890299320220947
7.159999847412109,16.08,7.799431324005127
6.149999618530273,16.08,7.800133228302002
4.920000076293945,16.14,7.90736722946167
6.149999618530273,16.25,7.960492134094238
7.029999732971191,16.35,7.919504165649414
9.34000015258789,16.46,7.937987327575684
8.5,16.7,8.064105033874512
11.630000114440918,17.07,8.126770973205566
13.520000457763672,17.43,8.140328407287598
13.680000305175781,17.8,8.21393871307373
11.449999809265137,18.21,8.284893035888672
15.130000114440918,18.66,8.308274269104004
17.1200008392334,19.12,8.19320297241211
17.360000610351562,19.58,8.238862037658691
20.649999618530273,20.41,18.83269500732422
24.03999900817871,21.63,18.97134780883789
30.37999725341797,22.85,19.06577491760254
28.139999389648438,24.07,19.4698429107666
29.770000457763672,25.05,20.007055282592773
27.080001831054688,25.81,20.293460845947266
24.239999771118164,26.57,20.523887634277344
25.409997940063477,27.32,20.845287322998047
26.430002212524414,27.88,21.35865020751953
21.299999237060547,28.23,21.52025604248047
23.80000114440918,28.59,21.68497657775879
23.65999984741211,28.94,21.717145919799805
25.560001373291016,29.06,21.975261688232422
28.899999618530273,28.93,22.296344757080078
27.260000228881836,28.81,22.146596908569336
30.35000228881836,28.69,22.145177841186523
29.3799991607666,27.63,30.07069206237793
21.709999084472656,27.31,29.79212760925293
27.700002670288086,26.98,29.48688507080078
17.110000610351562,26.66,29.219263076782227
18.950000762939453,26.33,29.06924057006836
22.690000534057617,25.97,28.759349822998047
14.039999961853027,25.61,28.71242332458496
25.089998245239258,25.25,28.529184341430664
23.149999618530273,24.9,28.405420303344727
24.100000381469727,24.54,28.05540657043457
19.280000686645508,24.19,28.04810333251953
22.760000228881836,23.84,27.513608932495117
21.15999984741211,23.46,27.342689514160156
25.1200008392334,23.06,27.368989944458008
23.880001068115234,22.66,26.852773666381836
21.420000076293945,22.26,26.44481658935547
21.1200008392334,21.89,22.29311752319336
23.68000030517578,21.57,22.265478134155273
21.479999542236328,21.24,22.159666061401367
25.880001068115234,20.92,22.1250057220459
21.420000076293945,20.61,22.186120986938477
20.540000915527344,20.33,22.102474212646484
24.21999740600586,20.05,22.198638916015625
19.209999084472656,19.78,22.247507095336914
27.880001068115234,19.66,22.313940048217773
25.160001754760742,19.71,22.19942283630371
22.899999618530273,19.76,22.2855281829834
21.8700008392334,19.81,22.086124420166016
17.100000381469727,19.9,22.11907386779785
16.479999542236328,20.02,22.249134063720703
25.229999542236328,20.14,21.903478622436523
21.8700008392334,20.26,21.734718322753906
18.209999084472656,20.62,22.36712074279785
16.469999313354492,21.24,22.35549545288086
18.309999465942383,21.86,22.24755096435547
18.729999542236328,22.48,22.228515625
21.329999923706055,23.03,22.297800064086914
22.6299991607666,23.52,22.17362403869629
25.450000762939453,24.01,22.316762924194336
31.329998016357422,24.5,22.378875732421875
26.020000457763672,24.98,22.43581199645996
22.299999237060547,25.44,22.341266632080078
26.3700008392334,25.9,22.42210578918457
23.850000381469727,26.36,22.25148582458496
21.93000030517578,26.6,22.27437973022461
20.739999771118164,26.62,22.392587661743164
22.6200008392334,26.64,22.054349899291992
20.75,26.65,21.885461807250977
20.959999084472656,26.62,21.307090759277344
22.229999542236328,26.52,21.225784301757812
21.559999465942383,26.43,21.08076286315918
26.0,26.33,20.973012924194336
23.720001220703125,26.14,20.97364044189453
25.979999542236328,25.85,20.82253646850586
22.760000228881836,25.57,20.925519943237305
21.75,25.28,20.909591674804688
26.119998931884766,24.99,20.897106170654297
24.149999618530273,24.69,20.790529251098633
24.06999969482422,24.4,20.834016799926758
19.920000076293945,24.11,20.642030715942383
22.540000915527344,23.83,20.619565963745117
24.0,23.57,20.658533096313477
21.010000228881836,23.3,20.3286190032959
24.149999618530273,23.04,20.17038345336914
25.739999771118164,22.93,24.62038803100586
29.089998245239258,22.98,24.368122100830078
28.969999313354492,23.02,24.085037231445312
28.739999771118164,23.06,23.82680320739746
28.599998474121094,23.19,23.721235275268555
24.989999771118164,23.4,23.4412841796875
20.670000076293945,23.61,23.39517593383789
21.639999389648438,23.82,23.227964401245117
24.950000762939453,23.98,23.142000198364258
24.549999237060547,24.07,22.892065048217773
23.3700008392334,24.17,22.85576820373535
25.530000686645508,24.27,22.49131965637207
21.93000030517578,24.3,22.336877822875977
22.899999618530273,24.27,22.312450408935547
21.690000534057617,24.24,21.873306274414062
22.260000228881836,24.21,21.56292724609375
23.049999237060547,24.16,22.376489639282227
23.78000259399414,24.1,22.074983596801758
21.709999084472656,24.04,21.734127044677734
22.389999389648438,23.98,21.375186920166016
17.950000762939453,23.81,21.15889549255371
20.81999969482422,23.52,20.842185974121094
20.989999771118164,23.23,20.683454513549805
20.399999618530273,22.95,20.420827865600586
16.860000610351562,22.58,20.252246856689453
15.520000457763672,22.13,19.93168830871582
13.869999885559082,21.68,19.856664657592773
15.479999542236328,21.24,19.45998764038086
14.459999084472656,20.73,19.23030662536621
13.149998664855957,20.17,19.166643142700195
11.640000343322754,19.61,18.708274841308594
8.979999542236328,19.05,18.373445510864258
7.890000343322754,13.06,9.612478256225586
6.830000400543213,12.33,9.34128189086914
5.710000038146973,11.6,8.927817344665527
5.260000228881836,10.88,8.479171752929688
5.260000228881836,10.2,8.120230674743652
5.389999866485596,9.59,7.7450270652771
4.760000228881836,8.97,7.452792644500732
4.940000057220459,8.36,7.083568096160889
5.230000019073486,7.83,6.7266693115234375
7.069999694824219,7.37,6.458939075469971
4.860000133514404,6.92,6.304874420166016
2.9600000381469727,6.47,6.063282489776611
4.190000057220459,6.08,5.791632175445557
2.619999885559082,5.76,5.578873157501221
4.03000020980835,5.44,5.2751359939575195
5.980000019073486,5.12,5.132913589477539
7.199999809265137,4.91,6.03650426864624
7.529999732971191,4.82,5.9640212059021
5.910000324249268,4.73,5.78170108795166
6.860000133514404,4.63,5.651556015014648
5.5799994468688965,4.57,5.61865234375
0.6000000834465027,4.52,5.504763603210449
1.5800000429153442,4.48,5.386858940124512
0.8899999856948853,4.44,5.280492782592773
1.8700000047683716,4.42,5.235045433044434
3.390000104904175,4.43,5.205945014953613
4.0,4.44,5.170037746429443
4.400000095367432,4.45,5.210664749145508
6.109999656677246,4.46,5.157741546630859
6.62999963760376,4.48,5.0898942947387695
7.199999809265137,4.5,4.9715166091918945
5.510000228881836,4.52,5.002396106719971
7.330000400543213,4.47,6.091007232666016
8.210000038146973,4.37,5.973655700683594
9.170000076293945,4.27,5.7694926261901855
7.430000305175781,4.17,5.590529918670654
8.680000305175781,4.09,5.513472080230713
8.270000457763672,4.03,5.393838405609131
9.819999694824219,3.97,5.247067928314209
14.10999870300293,3.92,5.10090970993042
12.820000648498535,3.83,5.0210676193237305
9.960000038146973,3.7,4.977167129516602
9.489999771118164,3.58,4.917024612426758
10.369999885559082,3.46,4.920973300933838
9.510000228881836,3.34,4.844485282897949
6.340000152587891,3.23,4.757070064544678
6.21999979019165,3.11,4.632568836212158
5.0,2.99,4.643311023712158
2.1600000858306885,2.85,5.396806716918945
1.840000033378601,2.68,5.171966552734375
0.4699999988079071,2.52,4.844537258148193
0.4000000059604645,2.35,4.4781951904296875
0.7999999523162842,2.17,4.2014288902282715
1.0199999809265137,1.98,3.9245312213897705
0.8999999761581421,1.78,3.6551687717437744
0.9499998688697815,1.59,3.361550807952881
0.3400000035762787,1.39,3.109649181365967
-0.11999999731779099,1.18,2.9546265602111816
-0.12999999523162842,0.97,2.807340383529663
-0.14000000059604645,0.77,2.7237370014190674
-0.11999999731779099,0.61,2.515932083129883
-0.11999999731779099,0.5,2.309264659881592
-0.10999999940395355,0.4,2.120237350463867
-0.10999999940395355,0.29,2.0680153369903564
-0.10999999940395355,0.23,0.6483252048492432
-0.10000000149011612,0.22,0.5797638297080994
-0.11999999731779099,0.2,0.4881298840045929
-0.10999999940395355,0.19,0.3357866406440735
-0.10000000149011612,0.18,0.2595059871673584
-0.10999999940395355,0.18,0.20250095427036285
-0.10000000149011612,0.17,0.10696650296449661
-0.10000000149011612,0.17,0.012479412369430065
-0.11999999731779099,0.17,-0.054165810346603394
-0.10999999940395355,0.17,0.03362895920872688
-0.04999999701976776,0.17,0.018933918327093124
-0.10000000149011612,0.18,0.18336299061775208
-0.10000000149011612,0.17,0.18852278590202332
-0.10999999940395355,0.17,0.0789426937699318
-0.10999999940395355,0.16,0.08870009332895279
-0.10000000149011612,0.15,0.1970338523387909
-0.11999999731779099,0.14,0.5307192802429199
-0.10999999940395355,0.13,0.46739327907562256
-0.10000000149011612,0.12,0.37949493527412415
-0.10999999940395355,0.11,0.23594622313976288
-0.10999999940395355,0.1,0.16983796656131744
-0.10000000149011612,0.1,0.13753682374954224
-0.11999999731779099,0.09,0.06993895769119263
-0.11999999731779099,0.08,-0.03477640077471733
-0.11999999731779099,0.08,-0.12032108753919601
-0.10000000149011612,0.09,-0.006319199223071337
-0.11999999731779099,0.1,-0.005007446277886629
0.09999999403953552,0.1,0.16311907768249512
0.06999999284744263,0.11,0.19877967238426208
0.15000000596046448,0.12,0.09551439434289932
0.06999999284744263,0.13,0.14174328744411469
0.28999999165534973,0.13,0.24770429730415344
0.9199999570846558,0.13,1.0326006412506104
0.22999998927116394,0.13,1.2097350358963013
-0.03999998793005943,0.13,1.3179031610488892
0.12999999523162842,0.13,1.5364214181900024
0.22999998927116394,0.14,1.7661519050598145
0.18000000715255737,0.17,2.116023302078247
0.15000000596046448,0.2,2.30149507522583
0.64000004529953,0.23,2.5284316539764404
0.1599999964237213,0.35,2.720487356185913
-0.14000000059604645,0.57,3.0365679264068604
-0.11999999731779099,0.79,3.17600154876709
-0.11999999731779099,1.01,3.525738000869751
-0.10999999940395355,1.43,3.768153190612793
-0.019999993965029716,2.04,3.8728013038635254
0.09000000357627869,2.66,3.955889940261841
0.010000007227063179,3.28,4.146700859069824
-0.14000000059604645,4.15,2.236370801925659
-0.10000000149011612,5.29,2.3034725189208984
-0.10999999940395355,6.42,2.46541166305542
-0.11999999731779099,7.56,2.8136184215545654
1.2200000286102295,8.5,3.2589969635009766
2.8499999046325684,9.26,3.5879292488098145
5.440000057220459,10.01,3.663809299468994
7.960000038146973,10.76,4.00800085067749
11.600000381469727,11.29,4.358116149902344
13.179999351501465,11.59,4.853946208953857
12.489999771118164,11.89,5.234982967376709
12.500000953674316,12.18,5.529674053192139
13.019999504089355,12.36,6.051541328430176
14.620000839233398,12.42,6.417060375213623
15.369999885559082,12.48,6.666373252868652
16.850000381469727,12.54,6.98087215423584
13.960000038146973,12.59,16.652429580688477
14.229998588562012,12.63,16.602140426635742
13.459999084472656,12.67,16.450902938842773
12.069999694824219,12.71,16.463359832763672
10.850000381469727,12.8,16.60564613342285
7.589999675750732,12.95,16.601003646850586
8.75,13.09,16.611974716186523
8.039999961853027,13.24,16.625463485717773
6.5,13.46,16.759613037109375
6.830000400543213,13.76,16.71193504333496
6.199999809265137,14.06,16.761493682861328
5.300000190734863,14.36,16.642141342163086
5.510000228881836,14.75,16.674243927001953
7.079999923706055,15.23,16.783836364746094
5.760000228881836,15.72,16.553178787231445
7.5,16.2,16.47146987915039
6.079999923706055,16.69,8.017585754394531
5.940000057220459,17.2,7.991333484649658
8.319999694824219,17.71,7.835245132446289
12.050000190734863,18.21,7.753172397613525
16.040000915527344,18.49,7.759164810180664
14.390000343322754,18.55,7.721909523010254
10.850000381469727,18.61,7.66478157043457
11.710000038146973,18.66,7.632777214050293
13.350000381469727,18.66,7.636106967926025
14.019999504089355,18.62,7.630768299102783
14.90999984741211,18.57,7.640962600708008
18.520000457763672,18.52,7.675913333892822
18.93000030517578,18.45,7.693300724029541
21.59000015258789,18.35,7.682399272918701
19.59000015258789,18.26,7.550802707672119
18.1299991607666,18.16,7.588296890258789
21.8799991607666,18.13,18.905258178710938
25.06999969482422,18.16,19.26303482055664
23.48000144958496,18.19,19.571828842163086
21.690000534057617,18.21,20.22960662841797
25.309999465942383,18.5,20.995317459106445
26.010000228881836,19.05,21.57377052307129
27.530000686645508,19.59,21.983016967773438
31.309999465942383,20.14,22.57878303527832
28.67999839782715,20.81,23.381515502929688
26.860000610351562,21.61,23.70362663269043
24.299997329711914,22.41,24.054887771606445
25.899999618530273,23.22,24.26949691772461
26.549999237060547,24.02,24.799089431762695
25.860000610351562,24.84,25.300457000732422
29.400001525878906,25.65,25.20777702331543
28.649999618530273,26.47,25.359384536743164
32.68000030517578,27.21,29.613162994384766
32.279998779296875,27.89,29.65358543395996
34.150001525878906,28.56,29.688936233520508
34.29999923706055,29.24,29.851547241210938
34.369998931884766,29.7,30.1549129486084
37.650001525878906,29.93,30.19846534729004
37.779998779296875,30.17,30.437564849853516
37.40999984741211,30.4,30.67382049560547
35.56999969482422,30.56,30.963943481445312
34.36000061035156,30.63,30.830827713012695
34.790000915527344,30.7,31.03893280029297
32.209999084472656,30.77,30.79106330871582
31.329998016357422,30.7,30.923419952392578
29.43000030517578,30.5,31.206485748291016
27.34000015258789,30.3,30.785587310791016
27.880001068115234,30.1,30.571611404418945
26.93000030517578,29.89,29.895458221435547
26.059999465942383,29.52,29.866668701171875
25.020000457763672,29.15,29.817087173461914
25.899999618530273,28.78,29.765018463134766
25.869998931884766,28.35,29.82495880126953
30.590002059936523,27.88,29.597517013549805
30.110002517700195,27.41,29.86692237854004
24.19999885559082,26.94,29.998048782348633
17.729999542236328,26.51,30.01072883605957
16.469999313354492,26.13,29.730756759643555
12.40999984741211,25.76,29.894689559936523
12.09999942779541,25.38,29.6020450592041
13.90000057220459,25.06,29.588655471801758
14.279999732971191,24.8,29.714685440063477
13.289999961853027,24.54,29.223859786987305
9.479999542236328,24.28,29.065244674682617
10.649999618530273,23.99,11.273627281188965
12.239999771118164,23.68,11.765295028686523
19.8700008392334,23.37,12.18395709991455
19.75,23.05,12.791661262512207
18.3700008392334,22.82,13.429723739624023
18.040000915527344,22.67,13.92803955078125
18.0,22.51,14.416980743408203
16.979999542236328,22.36,15.036598205566406
15.119999885559082,22.2,15.630562782287598
15.479999542236328,22.05,16.022302627563477
9.3100004196167,21.9,16.395305633544922
9.09000015258789,21.74,16.82059097290039
12.930000305175781,21.64,17.344064712524414
12.130000114440918,21.58,17.786996841430664
16.1299991607666,21.52,17.743484497070312
14.820000648498535,21.47,17.993555068969727
15.379999160766602,21.51,16.353979110717773
17.389999389648438,21.65,16.674776077270508
14.170000076293945,21.79,16.941213607788086
16.010000228881836,21.93,17.442781448364258
12.850001335144043,22.09,17.992488861083984
12.15999984741211,22.26,18.38153839111328
13.069999694824219,22.43,18.771507263183594
13.359999656677246,22.61,19.248416900634766
12.299999237060547,22.68,19.768280029296875
9.819999694824219,22.66,20.040979385375977
11.079999923706055,22.64,20.33132553100586
13.319999694824219,22.63,20.538284301757812
11.74000072479248,22.66,20.957088470458984
10.359999656677246,22.75,21.336027145385742
8.4399995803833,22.84,21.21270751953125
9.100000381469727,22.93,21.31595802307129
10.59000015258789,22.96,10.442106246948242
10.729999542236328,22.94,10.548924446105957
8.90999984741211,22.91,10.570574760437012
9.09000015258789,22.89,10.689554214477539
8.550000190734863,22.74,10.862859725952148
7.940000057220459,22.45,10.983723640441895
9.920000076293945,22.16,11.103262901306152
11.630000114440918,21.87,11.259693145751953
8.920000076293945,21.51,11.407736778259277
9.460000038146973,21.06,11.529498100280762
9.930000305175781,20.62,11.637710571289062
11.449999809265137,20.17,11.73192024230957
8.529999732971191,19.78,11.926387786865234
9.949999809265137,19.45,12.043412208557129
10.399999618530273,19.12,11.91025447845459
13.800000190734863,18.78,11.991540908813477
11.430000305175781,18.54,13.257898330688477
10.270000457763672,18.4,13.355600357055664
12.179999351501465,18.25,13.419264793395996
14.940000534057617,18.11,13.674959182739258
16.170000076293945,18.03,14.019500732421875
19.459999084472656,18.03,14.290945053100586
13.770001411437988,18.03,14.44161319732666
12.930000305175781,18.03,14.698869705200195
13.59000015258789,18.13,15.089433670043945
16.860000610351562,18.31,15.267709732055664
18.059999465942383,18.5,15.430559158325195
13.359999656677246,18.69,15.544699668884277
21.030000686645508,18.88,15.846318244934082
21.030000686645508,19.07,16.055295944213867
22.919998168945312,19.26,15.924820899963379
20.809999465942383,19.45,16.007164001464844
22.049999237060547,19.67,21.488943099975586
23.670000076293945,19.93,21.624404907226562
18.8799991607666,20.18,21.6906681060791
17.969999313354492,20.44,22.0274715423584
18.209999084472656,20.73,22.478803634643555
18.190000534057617,21.08,22.738922119140625
16.209999084472656,21.42,22.966360092163086
14.10999870300293,21.77,23.263469696044922
17.489999771118164,22.05,23.724578857421875
19.68000030517578,22.27,23.809303283691406
17.229999542236328,22.49,24.004013061523438
17.06999969482422,22.71,23.949974060058594
13.130000114440918,22.75,24.202804565429688
12.09000015258789,22.61,24.528682708740234
13.949999809265137,22.47,24.313640594482422
20.989999771118164,22.32,24.276897430419922
18.770000457763672,23.87,19.21394157409668
16.979999542236328,23.49,18.74545669555664
18.0,23.12,18.207857131958008
22.860000610351562,22.75,17.608097076416016
20.850000381469727,22.36,17.097984313964844
18.399999618530273,21.96,16.579803466796875
20.440000534057617,21.56,16.234392166137695
19.40999984741211,21.16,15.734601020812988
15.239999771118164,20.77,15.307456016540527
12.710000038146973,20.4,14.84614086151123
14.210000038146973,20.03,14.674247741699219
15.89000129699707,19.66,14.168548583984375
9.180000305175781,19.42,13.773112297058105
15.419999122619629,19.31,13.531262397766113
16.06999969482422,19.2,13.035754203796387
16.06999969482422,19.09,12.67348861694336
14.319999694824219,18.9,13.968592643737793
13.529999732971191,18.64,13.6539888381958
12.84000015258789,18.38,13.215157508850098
12.860000610351562,18.13,12.709044456481934
12.660000801086426,17.81,12.304861068725586
10.0,17.43,11.881433486938477
12.319999694824219,17.06,11.574872016906738
12.299999237060547,16.68,11.198629379272461
11.029999732971191,16.39,10.824738502502441
8.699999809265137,16.17,10.45467758178711
7.529999732971191,15.95,10.331830978393555
6.12999963760376,15.73,9.991918563842773
4.579999923706055,15.45,9.712567329406738
6.270000457763672,15.11,9.495279312133789
4.340000152587891,14.77,9.103582382202148
4.349999904632568,14.43,8.904809951782227
8.520000457763672,14.15,4.696441173553467
9.140000343322754,13.93,4.791316509246826
6.2099995613098145,13.71,4.7611236572265625
5.710000038146973,13.49,4.788027286529541
4.460000038146973,13.23,4.906928062438965
2.0,12.91,4.991049289703369
2.6500000953674316,12.59,5.002483367919922
2.25,12.27,5.105268478393555
2.180000066757202,12.0,5.237267971038818
1.0099999904632568,11.76,5.323581218719482
1.3700000047683716,11.52,5.399728298187256
1.5399999618530273,11.28,5.608223915100098
1.149999976158142,11.08,5.7479634284973145
0.5100000500679016,10.9,5.799026966094971
0.2800000011920929,10.73,5.706299304962158
0.0,10.56,5.853707790374756
0.21000000834465027,10.35,1.711792230606079
0.030000001192092896,10.1,1.7982970476150513
-0.10000000149011612,9.85,1.8019269704818726
-0.10000000149011612,9.6,1.8429627418518066
-0.11999999731779099,9.29,1.9689379930496216
-0.10000000149011612,8.92,2.050420045852661
-0.10999999940395355,8.55,2.0635933876037598
-0.10999999940395355,8.18,2.1380791664123535
-0.10999999940395355,7.76,2.258875608444214
-0.10999999940395355,7.29,2.4010090827941895
-0.10999999940395355,6.82,2.467714786529541
-0.10999999940395355,6.35,2.7283999919891357
-0.10000000149011612,5.94,2.827380418777466
-0.10999999940395355,5.59,2.84539532661438
-0.10000000149011612,5.24,2.8476312160491943
-0.10999999940395355,4.88,3.0321249961853027
-0.10999999940395355,4.58,0.24671214818954468
-0.11999999731779099,4.32,0.19775615632534027
-0.10999999940395355,4.06,0.1224847137928009
-0.10000000149011612,3.8,-0.03187146410346031
-0.10999999940395355,3.59,-0.12232040613889694
-0.10999999940395355,3.42,-0.15431082248687744
-0.10000000149011612,3.25,-0.24489127099514008
-0.07000000029802322,3.07,-0.31029221415519714
-0.10000000149011612,2.92,-0.35362911224365234
-0.06000000238418579,2.79,-0.2554139196872711
0.07999999821186066,2.66,-0.2545246481895447
0.18000000715255737,2.53,-0.06590753048658371
0.33000001311302185,2.42,-0.07645061612129211
-0.10000000149011612,2.32,-0.17357280850410461
-0.04999999701976776,2.22,-0.15770843625068665
-0.11999999731779099,2.11,-0.020854784175753593
-0.10000000149011612,2.02,0.5955750346183777
-0.10999999940395355,1.92,0.5414340496063232
-0.10000000149011612,1.83,0.49789682030677795
-0.10000000149011612,1.73,0.3555440306663513
-0.10000000149011612,1.65,0.2948245108127594
-0.10999999940395355,1.58,0.26187601685523987
-0.11999999731779099,1.52,0.21883688867092133
-0.10000000149011612,1.45,0.1374189406633377
-0.10000000149011612,1.38,0.11193140596151352
-0.11999999731779099,1.32,0.23409819602966309
-0.10999999940395355,1.27,0.2684558928012848
-0.10000000149011612,1.21,0.4306941628456116
-0.11999999731779099,1.12,0.4808889925479889
-0.12999999523162842,1.0,0.4108414053916931
-0.07000000029802322,0.89,0.43082568049430847
-0.07999999821186066,0.78,0.5812146067619324
-0.10999999940395355,0.08,1.9896970987319946
-0.10999999940395355,0.08,1.9064475297927856
-0.10999999940395355,0.08,1.9760923385620117
-0.11999999731779099,0.07,1.7422044277191162
-0.10999999940395355,0.08,1.8792802095413208
0.0,0.11,1.6170018911361694
0.06999999284744263,0.14,1.6135804653167725
-0.07999999821186066,0.16,1.4503629207611084
-0.03999998793005943,0.19,1.4547669887542725
-0.10999999940395355,0.22,1.5598353147506714
-0.06000000238418579,0.25,1.696220874786377
-0.10000000149011612,0.27,1.738263726234436
0.06000000238418579,0.3,1.9202008247375488
0.1599999964237213,0.32,1.9321564435958862
-0.12999999523162842,0.34,2.1119203567504883
-0.10000000149011612,0.36,2.14557147026062
-0.10999999940395355,0.38,1.0126367807388306
-0.10999999940395355,0.4,1.0203076601028442
-0.10999999940395355,0.43,0.9157987236976624
1.0,0.45,0.8172755241394043
0.9700000286102295,0.46,0.7845662236213684
3.990000009536743,0.47,0.8279917240142822
1.9600000381469727,0.47,0.7711393237113953
-0.10999999940395355,0.48,0.7512926459312439
0.9099999666213989,0.5,0.6794114112854004
3.430000066757202,0.55,0.7736858129501343
0.8799999952316284,0.6,0.7543863654136658
1.850000023841858,0.64,0.9514191746711731
0.809999942779541,0.66,0.8978757858276367
1.350000023841858,0.63,0.8050738573074341
0.7400000095367432,0.61,0.7821280360221863
0.5200000405311584,0.59,0.889134407043457
0.9700000286102295,0.59,1.5756193399429321
2.559999942779541,0.59,1.4672167301177979
1.7000000476837158,0.6,1.3141940832138062
2.630000114440918,0.61,1.2098712921142578
8.5,0.65,1.2426745891571045
9.739999771118164,0.73,1.153178334236145
18.40999984741211,0.81,1.060366153717041
15.4399995803833,0.89,0.8954403400421143
7.28000020980835,0.94,0.7521533370018005
3.2799999713897705,0.97,0.830132782459259
0.8600000143051147,0.99,0.7810623049736023
3.309999942779541,1.02,0.8989510536193848
1.7000000476837158,1.07,0.959622859954834
3.559999942779541,1.14,0.8536843657493591
5.440000057220459,1.21,0.8562445044517517
7.460000038146973,1.27,0.8905203938484192
5.550000190734863,1.36,5.841761112213135
2.140000104904175,1.48,5.521086692810059
0.8799999952316284,1.59,5.123956203460693
0.06999999284744263,1.7,4.737795352935791
-0.10999999940395355,1.93,4.478555679321289
1.7400000095367432,2.26,4.153295516967773
0.8299998641014099,2.59,3.8527910709381104
0.9399999380111694,2.93,3.4619596004486084
-0.010000007227063179,3.09,3.1218209266662598
-0.10000000149011612,3.09,2.9761271476745605
-0.10000000149011612,3.08,2.786283493041992
-0.10999999940395355,3.08,2.6501262187957764
-0.10999999940395355,2.92,2.4158880710601807
-0.11999999731779099,2.62,2.152825355529785
-0.09000000357627869,2.31,1.9909536838531494
-0.10999999940395355,2.0,1.8655548095703125
-0.10000000149011612,1.85,-0.3727779984474182
-0.11999999731779099,1.87,-0.5975974202156067
-0.10999999940395355,1.89,-0.7861968874931335
-0.10999999940395355,1.9,-0.8826689720153809
-0.10000000149011612,1.89,-0.9532589912414551
-0.09000000357627869,1.85,-1.0976533889770508
-0.11999999731779099,1.81,-1.3232284784317017
-0.10000000149011612,1.78,-1.4067023992538452
-0.10999999940395355,1.74,-1.4752105474472046
-0.10000000149011612,1.69,-1.3371473550796509
-0.10000000149011612,1.65,-1.2765791416168213
-0.10999999940395355,1.61,-1.1663551330566406
-0.10000000149011612,1.63,-1.0823198556900024
-0.11999999731779099,1.71,-1.107062578201294
-0.10999999940395355,1.8,-1.0635818243026733
-0.10999999940395355,1.88,-0.9646313786506653
-0.10000000149011612,2.0,1.8968414068222046
-0.09000000357627869,2.17,2.0243477821350098
-0.09000000357627869,2.33,2.09647798538208
-0.09000000357627869,2.5,2.165745258331299
-0.10000000149011612,2.7,2.314610481262207
-0.10999999940395355,2.95,2.3975112438201904
-0.10999999940395355,3.19,2.4474599361419678
-0.10999999940395355,3.44,2.571641206741333
-0.10000000149011612,3.71,2.7040600776672363
-0.11999999731779099,4.01,2.8833415508270264
-0.10000000149011612,4.31,2.9971063137054443
-0.10999999940395355,4.61,3.269669532775879
0.010000007227063179,4.88,3.4038853645324707
-0.10999999940395355,5.14,3.4319159984588623
-0.04999999701976776,5.39,3.5042080879211426
-0.10000000149011612,5.65,3.709017515182495
-0.10999999940395355,9.44,0.5803764462471008
-0.10000000149011612,9.4,0.7725062966346741
-0.11999999731779099,9.36,0.7589464783668518
-0.10000000149011612,9.31,0.817710280418396
-0.10999999940395355,9.25,0.9325755834579468
-0.10999999940395355,9.18,0.9928228259086609
-0.10999999940395355,9.1,1.0589243173599243
-0.11999999731779099,9.02,1.2543631792068481
-0.10999999940395355,8.92,1.2649818658828735
-0.11999999731779099,8.79,1.450719952583313
-0.09000000357627869,8.66,1.5387321710586548
0.7200000286102295,8.54,1.8395222425460815
1.559999942779541,8.47,1.9623478651046753
1.3200000524520874,8.45,2.0412745475769043
1.0299999713897705,8.43,2.1366991996765137
1.840000033378601,8.41,2.38202166557312
4.010000228881836,8.41,1.6222509145736694
1.9900000095367432,8.42,2.3787834644317627
2.690000057220459,8.43,3.2076621055603027
2.7899999618530273,8.44,4.344801902770996
4.849999904632568,8.48,5.571568012237549
6.880000114440918,8.55,6.631669521331787
7.649999618530273,8.62,7.374095439910889
7.490000247955322,8.69,8.464197158813477
8.869999885559082,8.89,9.617829322814941
9.239999771118164,9.21,10.51623821258545
10.600000381469727,9.53,11.117783546447754
12.930000305175781,9.85,12.056787490844727
14.329999923706055,10.13,13.062313079833984
13.970000267028809,10.38,13.722983360290527
15.470000267028809,10.62,14.062304496765137
20.469999313354492,10.87,14.679047584533691
20.959999084472656,11.15,20.53997802734375
16.420000076293945,11.46,20.687103271484375
16.299999237060547,11.77,20.816537857055664
13.359999656677246,12.07,21.2722225189209
11.949999809265137,12.34,21.856239318847656
12.620000839233398,12.57,22.21812629699707
13.299999237060547,12.8,22.49237060546875
10.34000015258789,13.03,22.88302230834961
10.699999809265137,13.28,23.47683334350586
9.0,13.56,23.685956954956055
9.229999542236328,13.83,23.909116744995117
8.470000267028809,14.1,23.961437225341797
8.9399995803833,14.4,24.344356536865234
8.100000381469727,14.75,24.701711654663086
10.760000228881836,15.09,24.54025650024414
9.470000267028809,15.43,24.550085067749023
8.84000015258789,15.75,10.054511070251465
6.669999599456787,16.06,10.339851379394531
6.159999847412109,16.36,10.563033103942871
6.029999732971191,16.66,10.990596771240234
6.87000036239624,17.01,11.474251747131348
9.890000343322754,17.41,11.892333030700684
12.970000267028809,17.81,12.187002182006836
13.179999351501465,18.21,12.617940902709961
19.84000015258789,18.74,13.08854866027832
15.3100004196167,19.39,13.407901763916016
14.399999618530273,20.05,13.656754493713379
25.690000534057617,20.7,13.942047119140625
29.209999084472656,21.39,14.380255699157715
30.889999389648438,22.13,14.677684783935547
30.299997329711914,22.86,14.645052909851074
25.600000381469727,23.59,14.85536003112793
29.100000381469727,24.28,26.559484481811523
26.839998245239258,24.92,26.78754234313965
27.80999755859375,25.56,26.976943969726562
31.160001754760742,26.21,27.411998748779297
28.649999618530273,26.66,28.02206802368164
30.690000534057617,26.92,28.361629486083984
28.56999969482422,27.18,28.71173095703125
31.64000129699707,27.45,29.157190322875977
33.0,27.58,29.741483688354492
31.059999465942383,27.59,29.85584831237793
33.459999084472656,27.59,30.1363468170166
35.27000045776367,27.6,30.097591400146484
31.48000144958496,27.66,30.439876556396484
29.569997787475586,27.78,30.859943389892578
29.149999618530273,27.89,30.611125946044922
30.309999465942383,28.01,30.54018783569336
30.899999618530273,28.2,31.041309356689453
36.29999923706055,28.49,30.994653701782227
38.119998931884766,28.77,30.94403648376465
37.029998779296875,29.06,30.934600830078125
37.2599983215332,29.39,31.075580596923828
37.599998474121094,29.78,30.921266555786133
37.95000076293945,30.17,31.171693801879883
35.2400016784668,30.55,31.31019401550293
33.150001525878906,30.81,31.416126251220703
36.15999984741211,30.92,31.18004035949707
37.5099983215332,31.04,31.338573455810547
34.7400016784668,31.16,31.02940559387207
34.099998474121094,31.2,31.038036346435547
33.7599983215332,31.18,31.197717666625977
29.3799991607666,31.15,30.722278594970703
29.049999237060547,31.12,30.503276824951172
22.670000076293945,29.43,30.127696990966797
23.110000610351562,29.48,29.972732543945312
23.610000610351562,29.52,29.808698654174805
24.780000686645508,29.57,29.609275817871094
26.770000457763672,29.62,29.541893005371094
30.459997177124023,29.67,29.26412010192871
30.790000915527344,29.72,29.419492721557617
31.219999313354492,29.77,29.395112991333008
29.32000160217285,29.79,29.32184600830078
31.530000686645508,29.77,28.98465347290039
28.81999969482422,29.75,29.06522560119629
33.31999969482422,29.73,28.677879333496094
34.939998626708984,29.68,28.553321838378906
37.380001068115234,29.6,28.599578857421875
34.939998626708984,29.52,28.094860076904297
32.15999984741211,29.44,27.855213165283203
33.61000061035156,29.35,33.323123931884766
33.279998779296875,29.26,33.197811126708984
36.220001220703125,29.16,33.03921127319336
34.959999084472656,29.07,32.919677734375
35.709999084472656,28.95,32.96009063720703
35.54999923706055,28.81,32.7341194152832
37.0,28.67,32.89771270751953
32.279998779296875,28.54,32.938758850097656
35.189998626708984,28.39,32.95988845825195
37.0099983215332,28.23,32.654541015625
33.38999938964844,28.07,32.747291564941406
36.52000045776367,27.92,32.30641555786133
35.93000030517578,27.71,32.254512786865234
36.720001220703125,27.47,32.37054443359375
37.2400016784668,27.22,31.886436462402344
37.84000015258789,26.98,31.610254287719727
33.630001068115234,26.64,37.13338088989258
36.40999984741211,26.2,36.421180725097656
36.75,25.76,35.65720748901367
38.34000015258789,25.32,34.72359085083008
36.29999923706055,24.81,33.94255828857422
38.099998474121094,24.23,33.01681137084961
32.36000061035156,23.65,32.651832580566406
29.96999740600586,23.07,31.975940704345703
31.579999923706055,22.48,31.29351806640625
24.40999984741211,21.87,30.37271499633789
20.299999237060547,21.27,30.106813430786133
14.829999923706055,20.66,29.119510650634766
14.489999771118164,19.98,28.42755889892578
16.56999969482422,19.22,28.106420516967773
-0.18000000715255737,18.46,27.283130645751953
7.310000419616699,17.7,26.648908615112305
5.110000133514404,16.9,10.383199691772461
3.2699999809265137,16.06,10.092669486999512
3.2100000381469727,15.22,9.720093727111816
0.06000000238418579,14.38,9.1032133102417
0.09000000357627869,13.51,8.538358688354492
-0.10999999940395355,12.61,7.929154396057129
-0.10999999940395355,11.72,7.733206272125244
0.2800000011920929,10.82,7.368946552276611
-0.010000007227063179,9.95,6.8350396156311035
0.14000001549720764,9.09,6.42852258682251
-0.12999999523162842,8.23,6.329381465911865
-0.11999999731779099,7.37,6.152107238769531
2.2799999713897705,6.68,5.8102803230285645
4.619999885559082,6.16,5.490032196044922
2.440000057220459,5.65,5.066978454589844
2.130000114440918,5.13,4.984078884124756
1.8799999952316284,4.74,3.280836820602417
1.5700000524520874,4.49,3.2820961475372314
0.6200000643730164,4.24,3.249946117401123
1.309999942779541,3.98,3.2525484561920166
3.549999952316284,3.78,3.328684091567993
3.640000104904175,3.63,3.38511323928833
2.1500000953674316,3.48,3.3627302646636963
2.0799999237060547,3.34,3.393280267715454
8.0600004196167,3.22,3.4890573024749756
9.479999542236328,3.13,3.609980344772339
4.46999979019165,3.04,3.6489875316619873
6.149999618530273,2.95,3.8276543617248535
8.25,2.86,3.896416187286377
6.850000381469727,2.76,3.8947699069976807
7.470000267028809,2.67,3.869905710220337
5.510000228881836,2.57,3.995748281478882
4.309999942779541,2.45,7.224699020385742
-0.10999999940395355,2.32,7.029846668243408
-0.03999998793005943,2.18,6.782009124755859
-0.10999999940395355,2.05,6.641827583312988
-0.11999999731779099,1.91,6.496082305908203
0.6000000834465027,1.78,6.380766868591309
0.010000007227063179,1.64,6.1683430671691895
0.1599999964237213,1.51,6.09124231338501
0.7999999523162842,1.4,6.051339149475098
-0.030000001192092896,1.33,6.040465354919434
-0.10000000149011612,1.25,6.117495059967041
0.2800000011920929,1.18,6.045291423797607
0.12999999523162842,1.1,6.068512916564941
0.5499999523162842,1.03,6.093377590179443
-0.10000000149011612,0.96,5.980881690979004
0.25,0.89,6.029572486877441
0.2199999988079071,1.28,1.5086442232131958
0.14000001549720764,1.42,1.526073932647705
0.41999998688697815,1.57,1.5530441999435425
0.49000000953674316,1.71,1.4668221473693848
1.4600000381469727,1.74,1.4496439695358276
3.2899999618530273,1.66,1.5410939455032349
5.590000152587891,1.58,1.541767954826355
4.489999771118164,1.5,1.6014734506607056
3.9700000286102295,1.39,1.638852596282959
4.139999866485596,1.27,1.820574402809143
3.0999999046325684,1.14,1.8917967081069946
3.259999990463257,1.02,2.1186795234680176
7.950000286102295,0.89,2.1988606452941895
6.139999866485596,0.76,2.196495532989502
11.770001411437988,0.62,2.2564306259155273
6.960000038146973,0.49,2.466695547103882
6.069999694824219,0.45,7.773143768310547
2.4600000381469727,0.49,7.514405250549316
1.3799999952316284,0.53,7.160027027130127
3.8499999046325684,0.57,6.786883354187012
5.890000343322754,0.65,6.532796382904053
7.470000267028809,0.77,6.272464275360107
3.119999885559082,0.88,6.02752161026001
0.6799999475479126,1.0,5.699880123138428
2.5899999141693115,1.21,5.438143253326416
2.640000104904175,1.52,5.257678508758545
1.7200000286102295,1.83,5.134818077087402
1.090000033378601,2.14,4.966675281524658
1.649999976158142,2.45,4.723447322845459
1.1100000143051147,2.76,4.549439907073975
1.899999976158142,3.07,4.369377136230469
0.5699999332427979,3.38,4.293777942657471
1.5299999713897705,3.63,1.3420802354812622
2.180000066757202,3.82,1.2980694770812988
1.8799999952316284,4.02,1.2064443826675415
-0.10000000149011612,4.21,1.0923231840133667
-0.10000000149011612,4.29,1.0440499782562256
-0.07999999821186066,4.24,1.0311920642852783
-0.10000000149011612,4.19,0.9537264704704285
-0.10000000149011612,4.15,0.9019282460212708
-0.10999999940395355,4.11,0.8708754777908325
-0.09000000357627869,4.08,0.9602749943733215
-0.11999999731779099,4.05,0.9678089022636414
-0.10999999940395355,4.02,1.132520079612732
0.5300000309944153,4.04,1.142943263053894
0.1899999976158142,4.11,1.0926686525344849
-0.14000000059604645,4.18,1.0743416547775269
-0.10000000149011612,4.26,1.2136545181274414
-0.11999999731779099,4.3,0.12396137416362762
-0.10000000149011612,4.33,0.13903528451919556
-0.10999999940395355,4.35,0.13175897300243378
-0.10999999940395355,4.37,0.054900478571653366
-0.10999999940395355,4.41,0.03867971897125244
-0.11999999731779099,4.45,0.12187483161687851
-0.10999999940395355,4.49,0.10935287177562714
-0.10999999940395355,4.53,0.12749935686588287
-0.10999999940395355,4.57,0.14545775949954987
-0.10999999940395355,4.61,0.3190997838973999
-0.10999999940395355,4.64,0.3802233636379242
-0.10999999940395355,4.67,0.6266059875488281
-0.11999999731779099,4.8,0.6876192092895508
-0.10999999940395355,5.01,0.6669895648956299
-0.10999999940395355,5.22,0.728451132774353
-0.10000000149011612,5.44,0.9216358661651611
2.200000047683716,5.81,0.5863403081893921
9.279999732971191,6.35,0.9405789375305176
11.860000610351562,6.89,1.3675044775009155
8.859999656677246,7.43,1.9060025215148926
3.130000114440918,8.25,2.540647029876709
4.989999771118164,9.35,3.139472723007202
4.550000190734863,10.45,3.4879252910614014
3.180000066757202,11.56,4.040371894836426
6.179999828338623,12.82,4.644779682159424
7.069999694824219,14.25,5.2120041847229
7.490000247955322,15.68,5.549474716186523
8.65999984741211,17.11,6.151935577392578
8.289999961853027,18.67,6.67769718170166
16.100000381469727,20.36,7.005047798156738
20.270000457763672,22.04,7.213083267211914
16.790000915527344,23.73,7.631336688995361
18.889999389648438,25.0,20.748811721801758
21.75,25.84,21.499954223632812
19.0,26.69,22.143404006958008
26.020000457763672,27.54,23.41573715209961
31.96999740600586,28.29,24.91835594177246
28.239999771118164,28.95,25.893014907836914
30.899999618530273,29.61,26.655235290527344
31.899999618530273,30.28,27.722074508666992
35.77000045776367,30.78,29.0151424407959
39.150001525878906,31.11,29.637157440185547
40.41999816894531,31.45,30.19567108154297
38.9900016784668,31.79,30.64061737060547
37.47999954223633,32.0,31.454694747924805
37.25,32.09,32.25239944458008
39.16999816894531,32.17,32.31428146362305
38.25,32.26,32.5985107421875
37.380001068115234,30.63,37.908451080322266
37.93000030517578,30.26,37.66282653808594
38.119998931884766,29.9,37.41802978515625
33.56999969482422,29.53,37.1794319152832
35.38999938964844,29.3,37.12539291381836
36.63999938964844,29.2,36.744712829589844
36.41999816894531,29.1,36.871158599853516
38.56999969482422,28.99,36.836517333984375
38.650001525878906,29.01,36.777671813964844
39.189998626708984,29.15,36.31478500366211
37.70000076293945,29.29,36.3924446105957
37.20000076293945,29.43,35.80842971801758
36.400001525878906,29.77,35.647457122802734
35.09000015258789,30.3,35.7277946472168
38.709999084472656,30.84,35.118186950683594
36.91999816894531,31.37,34.715457916259766
36.22999954223633,31.82,37.11044692993164
35.7400016784668,32.17,37.172298431396484
36.79999923706055,32.52,37.11477279663086
36.61000061035156,32.88,37.00284194946289
39.11000061035156,33.1,37.07435989379883
36.470001220703125,33.2,36.748600006103516
40.2400016784668,33.29,37.0333251953125
37.95000076293945,33.39,37.15067672729492
39.130001068115234,33.45,37.09551239013672
39.369998931884766,33.5,36.6688232421875
37.52000045776367,33.55,36.90108871459961
39.709999084472656,33.59,36.23908615112305
40.310001373291016,33.64,36.19870376586914
36.9900016784668,33.7,36.36094665527344
40.11000061035156,33.75,35.995689392089844
41.04999923706055,33.8,35.71471405029297
40.52000045776367,33.93,40.44059753417969
40.619998931884766,34.12,40.42098617553711
39.560001373291016,34.32,40.305728912353516
39.09000015258789,34.51,40.075984954833984
39.900001525878906,34.68,40.095767974853516
38.849998474121094,34.82,39.72578430175781
40.22999954223633,34.96,39.96858596801758
40.939998626708984,35.09,39.95720672607422
40.040000915527344,35.21,39.84617233276367
39.54999923706055,35.3,39.37007141113281
38.16999816894531,35.39,39.595157623291016
36.369998931884766,35.49,38.743778228759766
36.939998626708984,35.57,38.61680221557617
37.279998779296875,35.65,38.72625732421875
31.530000686645508,35.73,38.39805221557617
31.260000228881836,35.8,37.97956085205078
32.52000045776367,35.84,32.25461959838867
35.06999969482422,35.85,32.656063079833984
30.8799991607666,35.85,32.88399124145508
32.41999816894531,35.85,32.87935256958008
29.96999740600586,35.84,33.140769958496094
32.40999984741211,35.81,33.03447723388672
34.119998931884766,35.78,33.513065338134766
34.810001373291016,35.75,33.74245071411133
35.83000183105469,35.74,33.780879974365234
35.459999084472656,35.74,33.502742767333984
34.099998474121094,35.74,33.97093200683594
37.7400016784668,35.74,33.32127380371094
37.40999984741211,35.73,33.40000915527344
39.45000076293945,35.71,33.63335418701172
39.849998474121094,35.69,33.65995407104492
37.95000076293945,35.67,33.56059265136719
39.9900016784668,35.66,37.70293045043945
40.290000915527344,35.66,37.81916809082031
40.56999969482422,35.66,37.80349349975586
40.83000183105469,35.66,37.6150016784668
39.27000045776367,35.68,37.71448516845703
39.77000045776367,35.72,37.43617248535156
40.959999084472656,35.76,37.724632263183594
40.33000183105469,35.8,37.77716827392578
35.95000076293945,35.82,37.708229064941406
31.93000030517578,35.82,37.284385681152344
38.59000015258789,35.82,37.585227966308594
35.400001525878906,35.82,36.73099899291992
36.529998779296875,35.82,36.6627197265625
36.52000045776367,35.82,36.802066802978516
38.47999954223633,35.81,36.65211486816406
39.5,35.81,36.330345153808594
33.560001373291016,35.76,39.29447937011719
34.099998474121094,35.67,39.36887741088867
36.470001220703125,35.58,39.32320785522461
33.25,35.49,39.13806915283203
30.239999771118164,35.37,39.21353530883789
36.54999923706055,35.21,38.904441833496094
36.119998931884766,35.05,39.19660186767578
35.439998626708984,34.89,39.22617721557617
35.59000015258789,34.75,39.148197174072266
38.27000045776367,34.62,38.72719955444336
38.119998931884766,34.5,39.00131607055664
40.470001220703125,34.38,38.15370178222656
40.4900016784668,34.28,38.06964874267578
39.349998474121094,34.22,38.20603561401367
40.5,34.15,37.98637771606445
39.40999984741211,34.09,37.609710693359375
39.349998474121094,34.45,38.99319076538086
37.84000015258789,34.31,38.8057975769043
31.43000030517578,34.18,38.50721740722656
33.83000183105469,34.04,37.973411560058594
29.200000762939453,33.86,37.64608383178711
31.48000144958496,33.64,37.08088302612305
31.18000030517578,33.43,37.146976470947266
28.5,33.21,36.86467361450195
31.010000228881836,33.06,36.50051498413086
36.040000915527344,32.97,35.83448791503906
37.97999954223633,32.88,35.93449401855469
31.850000381469727,32.79,34.978363037109375
31.1299991607666,32.73,34.59728240966797
34.5,32.7,34.55617904663086
34.77000045776367,32.66,34.15746307373047
30.81999969482422,32.62,33.68912124633789
35.45000076293945,32.64,31.87200355529785
33.61000061035156,32.7,31.949119567871094
32.13999938964844,32.76,31.966386795043945
32.380001068115234,32.83,31.99901008605957
34.310001373291016,32.85,32.17245101928711
31.64000129699707,32.83,32.05318832397461
35.38999938964844,32.82,32.381866455078125
28.290000915527344,32.81,32.567962646484375
27.920000076293945,32.75,32.681766510009766
30.489999771118164,32.66,32.462646484375
32.040000915527344,32.57,32.67867660522461
31.560001373291016,32.47,32.333656311035156
29.049999237060547,32.44,32.36810302734375
31.709999084472656,32.46,32.56534194946289
28.459997177124023,32.48,32.19682312011719
17.889999389648438,32.5,32.02845001220703
28.149999618530273,32.47,20.454439163208008
31.569997787475586,32.41,20.676790237426758
32.779998779296875,32.35,20.788957595825195
34.040000915527344,32.29,20.955080032348633
32.97999954223633,32.26,21.199073791503906
32.63999938964844,32.26,21.257450103759766
33.189998626708984,32.26,21.582019805908203
35.11000061035156,32.25,21.864967346191406
35.40999984741211,32.27,22.074398040771484
36.040000915527344,32.3,22.06241226196289
36.400001525878906,32.34,22.267475128173828
35.810001373291016,32.37,22.29605484008789
36.5099983215332,32.39,22.43276596069336
34.849998474121094,32.4,22.666650772094727
36.70000076293945,32.41,22.393352508544922
35.20000076293945,32.42,22.406429290771484
29.950002670288086,32.4,34.6427116394043
33.41999816894531,32.36,34.402671813964844
33.599998474121094,32.31,34.1102409362793
36.599998474121094,32.27,33.64802932739258
34.63999938964844,32.22,33.360572814941406
36.77000045776367,32.18,32.84828567504883
37.060001373291016,32.13,32.91347885131836
33.06999969482422,32.09,32.683380126953125
33.439998626708984,31.99,32.36698532104492
34.130001068115234,31.84,31.808591842651367
28.010000228881836,31.69,31.870399475097656
31.690000534057617,31.54,31.134431838989258
29.020000457763672,31.47,30.83599281311035
36.27000045776367,31.46,30.7707462310791
33.310001373291016,31.44,30.300479888916016
34.22999954223633,31.43,29.9471378326416
32.560001373291016,31.41,34.91008377075195
31.43000030517578,31.38,34.62547302246094
32.75,31.35,34.327880859375
34.65999984741211,31.32,34.0101432800293
27.64999771118164,31.31,33.84504699707031
34.43000030517578,31.33,33.41250228881836
32.209999084472656,31.34,33.479122161865234
25.880001068115234,31.36,33.34123611450195
30.18000030517578,31.32,33.173824310302734
33.47999954223633,31.24,32.72627258300781
34.689998626708984,31.15,32.735107421875
33.220001220703125,31.07,32.16362380981445
33.7599983215332,30.94,31.946746826171875
32.0,30.76,31.937246322631836
31.360000610351562,30.59,31.35025405883789
33.45000076293945,30.42,30.979339599609375
35.22999954223633,30.24,32.81254959106445
34.13999938964844,30.04,32.29625701904297
33.27000045776367,29.85,31.74665069580078
27.160001754760742,29.65,31.095909118652344
25.32000160217285,29.43,30.595138549804688
31.850000381469727,29.18,29.927631378173828
30.430002212524414,28.93,29.691797256469727
25.64000129699707,28.68,29.239213943481445
21.229999542236328,28.41,28.804269790649414
27.059999465942383,28.13,28.130632400512695
28.010000228881836,27.85,27.972848892211914
31.040000915527344,27.57,27.224037170410156
29.280000686645508,27.24,26.746644973754883
33.0,26.84,26.569154739379883
30.40999984741211,26.45,25.87757682800293
31.889997482299805,26.06,25.362638473510742
31.450000762939453,26.26,28.203876495361328
29.889997482299805,25.31,27.317201614379883
26.979999542236328,24.36,26.349328994750977
24.139999389648438,23.41,25.12931251525879
23.979999542236328,22.63,24.005666732788086
20.610000610351562,22.02,22.927513122558594
17.520000457763672,21.4,22.230892181396484
22.40999984741211,20.79,21.219219207763672
23.280000686645508,20.3,20.22060203552246
23.670000076293945,19.94,19.230058670043945
27.420000076293945,19.59,18.822290420532227
31.950002670288086,19.23,17.74871826171875
22.639999389648438,19.06,16.86168670654297
15.74000072479248,19.09,16.333444595336914
8.279999732971191,19.12,15.537110328674316
10.699999809265137,19.14,14.837077140808105
17.760000228881836,19.17,11.267097473144531
14.369999885559082,19.19,11.04028034210205
11.029999732971191,19.22,10.677109718322754
10.390000343322754,19.25,10.130355834960938
10.460000038146973,19.15,9.674132347106934
12.419999122619629,18.92,9.179264068603516
10.3100004196167,18.69,8.920791625976562
11.390000343322754,18.46,8.599602699279785
13.660000801086426,18.16,8.130358695983887
18.389999389648438,17.81,7.722457408905029
12.550000190734863,17.45,7.626808166503906
6.820000171661377,17.1,7.398805141448975
6.059999942779541,16.76,7.120398998260498
9.550000190734863,16.45,6.8902482986450195
13.880000114440918,16.13,6.469983100891113
9.420000076293945,15.82,6.3683366775512695
11.670000076293945,15.5,8.05367660522461
18.690000534057617,15.17,7.918513774871826
8.640000343322754,14.84,7.594545841217041
10.390000343322754,14.51,7.283932685852051
10.399999618530273,14.11,7.070586681365967
13.3100004196167,13.62,6.787572860717773
9.960000038146973,13.14,6.5605974197387695
11.949999809265137,12.66,6.345200061798096
11.149999618530273,12.22,6.126060962677002
8.710000038146973,11.83,5.914521217346191
8.59000015258789,11.44,5.823025226593018
8.140000343322754,11.05,5.71480131149292
11.09000015258789,10.69,5.553340435028076
7.029999732971191,10.35,5.411795139312744
2.75,10.0,5.157846927642822
3.4800000190734863,9.66,5.112895488739014
6.179999828338623,9.41,5.523447036743164
7.199999809265137,9.24,5.4580397605896
9.869999885559082,9.07,5.288129806518555
8.609999656677246,8.91,5.129001140594482
4.480000019073486,8.73,5.047903060913086
3.0799999237060547,8.56,4.892995357513428
4.980000019073486,8.38,4.760098934173584
3.569999933242798,8.2,4.662377834320068
1.159999966621399,8.03,4.5754828453063965
2.2300000190734863,7.87,4.49991512298584
5.050000190734863,7.71,4.502607345581055
-0.07999999821186066,7.54,4.543680191040039
0.07999999821186066,7.36,4.51244592666626
-0.10000000149011612,7.17,4.4355621337890625
0.010000007227063179,6.97,4.264248847961426
0.7999999523162842,6.78,4.330597400665283
1.100000023841858,6.7,1.3943241834640503
0.3799999952316284,6.72,1.5023069381713867
0.27000001072883606,6.75,1.5440268516540527
0.25,6.78,1.623909592628479
0.12999999523162842,6.87,1.763944149017334
0.3700000047683716,7.03,1.8613579273223877
0.9800000190734863,7.18,1.8988652229309082
0.3100000023841858,7.33,2.0093488693237305
0.4300000071525574,7.41,2.1621310710906982
0.12999999523162842,7.41,2.340848922729492
-0.07999999821186066,7.41,2.4362266063690186
-0.10999999940395355,7.42,2.727097749710083
-0.10000000149011612,7.34,2.8634090423583984
-0.06000000238418579,7.19,2.9069952964782715
0.27000001072883606,7.04,2.932457685470581
0.6599999666213989,6.89,3.1465792655944824
1.399999976158142,6.7,1.3342690467834473
1.4500000476837158,6.48,1.2538772821426392
1.0399999618530273,6.26,1.1773724555969238
2.809999942779541,6.04,1.0103696584701538
4.75,5.82,0.9173871874809265
4.75,5.6,0.8953088521957397
3.559999942779541,5.38,0.8013362288475037
0.5799999237060547,5.16,0.7403638958930969
-0.14000000059604645,4.93,0.7016471028327942
-0.10999999940395355,4.68,0.8026207089424133
-0.10999999940395355,4.43,0.8112332820892334
-0.10000000149011612,4.18,0.9733673334121704
-0.10000000149011612,3.94,0.9940820932388306
-0.10000000149011612,3.7,0.9121592044830322
-0.11999999731779099,3.47,0.9163186550140381
-0.10000000149011612,3.23,1.0470387935638428
-0.14000000059604645,1.82,0.22867877781391144
-0.12999999523162842,1.77,0.1887306272983551
-0.10000000149011612,1.72,0.15090034902095795
-0.14000000059604645,1.67,0.028871212154626846
-0.09000000357627869,1.65,-0.04183260723948479
-0.10000000149011612,1.66,-0.0275859497487545
-0.11999999731779099,1.68,-0.09108024090528488
-0.10999999940395355,1.69,-0.11347203701734543
-0.15000000596046448,1.7,-0.12046146392822266
-0.10000000149011612,1.69,0.019395245239138603
-0.12999999523162842,1.68,0.05834442749619484
-0.010000007227063179,1.67,0.27342489361763
0.30000001192092896,1.69,0.32289329171180725
0.7599999904632568,1.74,0.26544398069381714
-0.03999998793005943,1.79,0.30397817492485046
0.5300000309944153,1.84,0.4736004173755646
1.6699999570846558,1.89,1.6655395030975342
1.190000057220459,1.93,1.630426049232483
1.1699999570846558,1.97,1.5993317365646362
1.75,2.01,1.4823342561721802
2.509999990463257,2.08,1.4437544345855713
1.3799999952316284,2.17,1.4936132431030273
0.03999998793005943,2.26,1.449213981628418
-0.10999999940395355,2.35,1.4403882026672363
-0.10999999940395355,2.43,1.4421919584274292
-0.11999999731779099,2.49,1.5821971893310547
-0.10999999940395355,2.54,1.6192376613616943
-0.04999999701976776,2.6,1.810534119606018
-0.10999999940395355,2.63,1.8577423095703125
-0.10999999940395355,2.64,1.8249320983886719
-0.10000000149011612,2.65,1.8476359844207764
-0.07999999821186066,2.66,2.0109264850616455
0.28999999165534973,2.7,-0.02070009894669056
-0.10000000149011612,2.76,0.005669200327247381
-0.10999999940395355,2.82,0.035318903625011444
0.25999999046325684,2.88,0.017729831859469414
-0.10999999940395355,2.99,0.06284935772418976
-0.04999999701976776,3.13,0.16075655817985535
-0.10999999940395355,3.27,0.15770578384399414
-0.10999999940395355,3.42,0.22147265076637268
-0.17000000178813934,3.6,0.30470728874206543
0.06000000238418579,3.84,0.5030075311660767
0.5699999332427979,4.07,0.5828704833984375
0.75,4.3,0.8610110878944397
0.6000000834465027,4.52,0.9873693585395813
0.16999998688697815,4.72,0.9894245266914368
-0.09000000357627869,4.93,1.0499165058135986
0.5300000309944153,5.13,1.261326789855957
0.06000000238418579,5.22,1.5369590520858765
-0.10000000149011612,5.19,1.4803199768066406
-0.11999999731779099,5.16,1.3856693506240845
0.06999999284744263,5.14,1.232945203781128
-0.10999999940395355,5.12,1.1436035633087158
-0.10000000149011612,5.12,1.1294188499450684
-0.10999999940395355,5.12,1.0471068620681763
-0.11999999731779099,5.12,0.9815669655799866
0.27000001072883606,5.04,0.9368549585342407
-0.07000000029802322,4.88,1.0234688520431519
-0.10000000149011612,4.72,1.026795506477356
-0.10999999940395355,4.56,1.18996262550354
-0.10000000149011612,4.38,1.185376524925232
-0.11999999731779099,4.18,1.116187572479248
-0.10999999940395355,3.99,1.1070468425750732
-0.10000000149011612,3.79,1.2377315759658813
-0.11999999731779099,3.67,-0.07861416041851044
-0.09000000357627869,3.64,-0.062392037361860275
-0.10999999940395355,3.61,-0.04008133336901665
-0.10000000149011612,3.57,-0.06503462046384811
-0.12999999523162842,3.58,-0.018202658742666245
-0.10000000149011612,3.63,0.07527046650648117
-0.10999999940395355,3.68,0.06519961357116699
-0.10999999940395355,3.72,0.11903463304042816
-0.09000000357627869,3.83,0.1991967111825943
-0.10999999940395355,3.99,0.3945218324661255
-0.10999999940395355,4.15,0.45803043246269226
-0.11999999731779099,4.32,0.7370364665985107
-0.11999999731779099,4.54,0.8492680191993713
-0.10999999940395355,4.82,0.8404945731163025
-0.10999999940395355,5.1,0.8909898996353149
-0.06000000238418579,5.38,1.091360330581665
-0.07999999821186066,5.64,0.5595341920852661
-0.10000000149011612,5.88,0.5561215877532959
-0.12999999523162842,6.11,0.5646994709968567
0.07999999821186066,6.35,0.5057005286216736
1.940000057220459,6.6,0.5432119369506836
0.8899999856948853,6.88,0.6342632174491882
0.09999999403953552,7.16,0.6091300249099731
0.8199999332427979,7.44,0.6508138179779053
2.0199999809265137,7.67,0.7066508531570435
2.1600000858306885,7.85,0.891118049621582
1.5700000524520874,8.03,0.9521421194076538
2.2200000286102295,8.21,1.2014460563659668
1.2100000381469727,8.24,1.312522530555725
2.9200000762939453,8.12,1.2961819171905518
2.7100000381469727,8.0,1.3441784381866455
0.9399999380111694,7.88,1.5333161354064941
1.059999942779541,3.19,1.8430424928665161
2.4000000953674316,3.08,2.014408588409424
1.659999966621399,2.97,2.1936416625976562
3.0999999046325684,2.86,2.4285545349121094
2.569999933242798,2.8,2.683422803878784
2.069999933242798,2.77,2.940284490585327
7.860000133514404,2.75,3.099437952041626
2.819999933242798,2.73,3.335092782974243
2.569999933242798,2.77,3.6346147060394287
5.320000171661377,2.88,3.9264767169952393
5.449999809265137,2.98,4.091859340667725
5.190000057220459,3.09,4.441192150115967
2.700000047683716,3.23,4.672088146209717
3.369999885559082,3.41,4.814652919769287
2.859999895095825,3.58,4.881435871124268
1.7999999523162842,3.76,5.137800216674805
2.2799999713897705,3.99,5.701905250549316
0.6200000643730164,4.27,5.485122203826904
1.3899999856948853,4.55,5.094499588012695
0.4099999964237213,4.83,4.710770130157471
2.549999952316284,5.04,4.347904682159424
0.5300000309944153,5.18,4.0196404457092285
2.759999990463257,5.33,3.7822883129119873
4.760000228881836,5.47,3.466712474822998
5.539999485015869,5.62,3.1134958267211914
4.110000133514404,5.79,2.9333224296569824
2.799999952316284,5.95,2.777873992919922
2.0199999809265137,6.11,2.6747169494628906
3.440000057220459,6.26,2.4086661338806152
8.970000267028809,6.4,2.230196237564087
7.009999752044678,6.55,2.0671660900115967
5.159999847412109,6.69,2.019275188446045
8.25,6.85,6.403985977172852
16.420000076293945,7.04,6.324134349822998
21.510000228881836,7.23,6.13891077041626
18.030000686645508,7.42,5.998254299163818
19.68000030517578,7.6,5.963711738586426
15.869999885559082,7.79,5.876503944396973
14.700000762939453,7.98,5.760895729064941
14.640000343322754,8.17,5.663414001464844
13.550000190734863,8.34,5.612673282623291
14.600000381469727,8.48,5.583416938781738
17.489999771118164,8.62,5.544265270233154
13.359999656677246,8.76,5.573027610778809
14.270000457763672,8.85,5.536627292633057
14.319999694824219,8.9,5.482609748840332
18.3700008392334,8.95,5.362780570983887
16.1299991607666,8.99,5.388922691345215
13.119999885559082,8.9,13.721781730651855
9.569999694824219,8.67,13.253378868103027
7.189999580383301,8.43,12.676236152648926
9.729999542236328,8.2,12.063739776611328
11.0,7.94,11.576069831848145
7.400000095367432,7.66,11.077811241149902
5.960000038146973,7.38,10.651937484741211
8.710000038146973,7.1,10.1117582321167
17.709999084472656,6.8,9.658313751220703
16.610000610351562,6.49,9.25668716430664
15.770001411437988,6.18,8.992658615112305
17.360000610351562,5.86,8.542932510375977
15.89000129699707,5.62,8.140817642211914
14.989999771118164,5.46,7.829781532287598
16.299999237060547,5.29,7.457531452178955
14.299999237060547,5.13,7.172697067260742
14.90000057220459,4.97,12.323290824890137
13.670000076293945,4.81,11.826128005981445
11.489999771118164,4.65,11.107742309570312
11.510000228881836,4.49,10.478043556213379
11.89000129699707,4.31,9.872761726379395
13.289999961853027,4.12,9.276963233947754
12.930000305175781,3.94,8.723519325256348
10.460000038146973,3.75,8.047847747802734
9.579999923706055,3.56,7.479865550994873
8.279999732971191,3.38,6.96293306350708
8.899999618530273,3.21,6.678041458129883
7.800000190734863,3.03,6.134488582611084
5.87000036239624,2.9,5.689172267913818
4.800000190734863,2.82,5.3226518630981445
5.429999828338623,2.74,4.9135589599609375
5.010000228881836,2.66,4.572386264801025
4.860000133514404,2.6,5.726789474487305
5.429999828338623,2.56,5.5034565925598145
5.019999980926514,2.52,5.2603983879089355
4.800000190734863,2.48,5.108076572418213
4.179999828338623,2.48,4.980823993682861
5.0,2.51,4.861064434051514
4.989999771118164,2.54,4.632458209991455
5.059999942779541,2.57,4.516216278076172
5.630000114440918,2.61,4.447257041931152
5.6999993324279785,2.66,4.464398384094238
5.449999809265137,2.71,4.4635009765625
5.329999923706055,2.76,4.4277801513671875
4.480000019073486,2.81,4.425386428833008
4.179999828338623,2.87,4.388643741607666
4.210000038146973,2.92,4.294712543487549
3.0999999046325684,2.97,4.324086666107178
3.549999952316284,5.14,6.3687567710876465
4.590000152587891,5.22,6.239961624145508
5.440000057220459,5.29,5.960619926452637
4.579999923706055,5.37,5.7415771484375
4.329999923706055,5.44,5.607819557189941
8.34000015258789,5.52,5.36281156539917
8.510000228881836,5.6,5.192358493804932
9.529999732971191,5.68,4.9869279861450195
7.300000190734863,5.77,4.795736312866211
6.360000133514404,5.88,4.694750785827637
7.519999980926514,5.98,4.60640811920166
9.170000076293945,6.09,4.567677021026611
9.649999618530273,6.14,4.424641132354736
8.869999885559082,6.13,4.305825710296631
8.539999961853027,6.12,4.162489891052246
7.930000305175781,6.11,4.148682117462158
9.569999694824219,6.07,7.850599765777588
10.380000114440918,5.99,7.813961982727051
11.569999694824219,5.91,7.608457088470459
13.219999313354492,5.84,7.485302448272705
12.980000495910645,5.75,7.452916622161865
13.10999870300293,5.67,7.310351371765137
10.75,5.58,7.204342365264893
10.0600004196167,5.49,7.129508018493652
8.930000305175781,5.36,7.055508613586426
8.180000305175781,5.17,6.992999076843262
8.25,4.99,6.948760032653809
9.4399995803833,4.81,6.94478178024292
9.890000343322754,4.65,6.916045665740967
10.75,4.52,6.874971389770508
10.329999923706055,4.4,6.729582786560059
8.850000381469727,4.27,6.742347240447998
8.119999885559082,4.22,9.325860977172852
8.270000457763672,4.24,9.22106647491455
5.78000020980835,4.27,9.003028869628906
5.990000247955322,4.3,8.841068267822266
4.230000019073486,4.38,8.774356842041016
4.199999809265137,4.52,8.649901390075684
3.450000047683716,4.66,8.525592803955078
3.7799999713897705,4.79,8.419662475585938
3.5199999809265137,5.0,8.340460777282715
3.200000047683716,5.28,8.265929222106934
4.929999828338623,5.55,8.192059516906738
4.079999923706055,5.83,8.130045890808105
2.7100000381469727,6.04,8.094736099243164
1.8700000047683716,6.19,8.03232192993164
1.7300000190734863,6.35,7.857892990112305
1.3600000143051147,6.5,7.8294477462768555
2.799999952316284,6.57,2.974337100982666
2.8499999046325684,6.56,3.2942187786102295
4.389999866485596,6.55,3.3699991703033447
6.490000247955322,6.54,3.784733772277832
6.529999732971191,6.54,4.074807167053223
7.079999923706055,6.58,4.406069755554199
6.569999694824219,6.6,4.575409889221191
7.7099995613098145,6.64,4.835707664489746
7.5,6.71,5.084088325500488
6.189999580383301,6.83,5.3102335929870605
5.6399993896484375,6.96,5.535651206970215
5.940000057220459,7.08,5.814169883728027
6.179999828338623,7.26,6.183342933654785
6.410000324249268,7.5,6.374752521514893
5.25,7.73,6.430350303649902
4.739999771118164,7.97,6.647333145141602
3.7799999713897705,8.16,5.727769374847412
4.090000152587891,8.31,5.73766565322876
4.570000171661377,8.46,5.683072090148926
3.940000057220459,8.61,5.679764270782471
3.6600000858306885,8.63,5.776332855224609
3.430000066757202,8.52,5.872389793395996
2.7699999809265137,8.41,5.8497209548950195
1.5199999809265137,8.3,5.906691551208496
1.5399999618530273,8.14,5.996901512145996
1.850000023841858,7.94,6.093099594116211
2.25,7.74,6.104438781738281
1.7000000476837158,7.55,6.23240327835083
1.7899999618530273,7.38,6.313137531280518
1.4500000476837158,7.24,6.327343463897705
1.4900000095367432,7.1,6.251665115356445
1.4600000381469727,6.96,6.3435211181640625
1.2999999523162842,6.84,2.003556728363037
1.690000057220459,6.72,2.2710814476013184
1.340000033378601,6.61,2.557828426361084
0.559999942779541,6.5,2.976760149002075
0.7099999189376831,6.46,3.471907615661621
1.940000057220459,6.49,3.9305005073547363
1.9500000476837158,6.52,4.178426742553711
1.9700000286102295,6.55,4.596423149108887
3.190000057220459,6.55,5.090255260467529
3.069999933242798,6.53,5.498825550079346
3.0399999618530273,6.51,5.712123870849609
2.5799999237060547,6.48,6.19510555267334
3.5999999046325684,6.55,6.5997233390808105
4.360000133514404,6.71,6.840773105621338
4.489999771118164,6.87,6.9373273849487305
5.53000020980835,7.02,7.241730690002441
7.029999732971191,8.05,6.660086154937744
7.360000133514404,8.22,6.643237113952637
7.480000019073486,8.39,6.562707424163818
6.850000381469727,8.56,6.555651664733887
7.62999963760376,8.7,6.645804405212402
8.670000076293945,8.81,6.663073539733887
8.430000305175781,8.92,6.644498825073242
7.880000114440918,9.03,6.656097412109375
7.480000019073486,9.05,6.716086387634277
7.810000419616699,9.0,6.787502765655518
8.829999923706055,8.95,6.8021111488342285
7.679999828338623,8.9,6.902042865753174
6.880000114440918,8.81,6.966856479644775
7.830000400543213,8.69,6.980191707611084
9.649999618530273,8.56,6.906233787536621
9.180000305175781,8.44,6.9672417640686035
8.770000457763672,8.33,9.485800743103027
6.430000305175781,8.25,9.46303939819336
6.069999694824219,8.16,9.314241409301758
5.309999942779541,8.08,9.273272514343262
3.940000057220459,8.01,9.3143892288208
2.259999990463257,7.95,9.25350284576416
2.049999952316284,7.9,9.205809593200684
3.509999990463257,7.84,9.201327323913574
2.869999885559082,7.92,9.211978912353516
3.9800000190734863,8.12,9.202230453491211
5.630000114440918,8.32,9.1784086227417
7.480000019073486,8.52,9.17756175994873
8.260000228881836,8.78,9.205804824829102
7.340000152587891,9.1,9.214460372924805
8.15999984741211,9.43,9.07540225982666
9.399999618530273,9.75,9.079866409301758
7.729999542236328,10.24,10.57916259765625
8.260000228881836,10.89,10.764260292053223
9.5,11.54,10.852209091186523
9.770000457763672,12.19,11.158186912536621
10.210000038146973,12.99,11.538843154907227
12.940000534057617,13.93,11.786163330078125
13.90000057220459,14.88,11.97673225402832
10.630000114440918,15.83,12.269479751586914
12.139999389648438,16.79,12.596861839294434
17.290000915527344,17.77,12.809868812561035
21.09000015258789,18.74,12.932952880859375
22.579999923706055,19.72,13.109075546264648
20.56999969482422,20.54,13.356804847717285
19.530000686645508,21.21,13.569964408874512
20.399999618530273,21.88,13.518983840942383
19.969999313354492,22.55,13.627333641052246
19.93000030517578,23.03,20.168184280395508
16.729999542236328,23.32,20.23524284362793
23.389999389648438,23.61,20.193843841552734
17.670000076293945,23.9,20.405324935913086
22.280000686645508,24.11,20.72311782836914
21.989999771118164,24.22,20.879528045654297
17.479999542236328,24.34,21.022716522216797
19.709999084472656,24.46,21.223236083984375
16.829999923706055,24.63,21.507558822631836
19.600000381469727,24.85,21.553157806396484
21.049999237060547,25.08,21.643003463745117
22.969999313354492,25.3,21.512680053710938
27.48999786376953,25.5,21.6748046875
23.860000610351562,25.67,21.88776397705078
26.100000381469727,25.83,21.684925079345703
25.729997634887695,26.0,21.615299224853516
24.729999542236328,26.16,25.81656265258789
26.51999855041504,26.3,25.822669982910156
27.240001678466797,26.44,25.749855041503906
25.110000610351562,26.58,25.920413970947266
28.950000762939453,26.67,26.246116638183594
27.880001068115234,26.69,26.331148147583008
25.989999771118164,26.71,26.472549438476562
26.110002517700195,26.73,26.628894805908203
24.34000015258789,26.72,26.897024154663086
26.639999389648438,26.66,26.852937698364258
25.80999755859375,26.6,26.950611114501953
25.020000457763672,26.54,26.661699295043945
26.420000076293945,26.46,26.7646541595459
24.81999969482422,26.37,26.9821834564209
28.149999618530273,26.29,26.683956146240234
28.469999313354492,26.2,26.490018844604492
28.309999465942383,26.09,27.544300079345703
24.479999542236328,25.98,27.328041076660156
20.75,25.86,27.05812644958496
24.590002059936523,25.74,26.865758895874023
21.8700008392334,25.54,26.81496810913086
15.970000267028809,25.26,26.570140838623047
14.189998626708984,24.98,26.533935546875
17.100000381469727,24.7,26.410799026489258
19.200000762939453,24.36,26.379175186157227
15.810001373291016,23.95,26.1024169921875
14.74000072479248,23.54,26.09562873840332
11.980000495910645,23.13,25.652639389038086
12.710000038146973,22.6,25.527650833129883
12.399999618530273,21.97,25.58871841430664
15.359999656677246,21.33,25.134376525878906
12.039999961853027,20.69,24.769981384277344
9.09000015258789,19.88,12.400790214538574
8.84000015258789,19.23,12.21865463256836
11.230000495910645,18.58,11.901671409606934
10.779999732971191,17.93,11.577638626098633
15.499999046325684,17.33,11.319071769714355
16.920000076293945,16.78,11.000675201416016
20.110000610351562,16.23,10.839887619018555
20.010000228881836,15.68,10.591995239257812
17.209999084472656,15.06,10.316978454589844
19.68000030517578,14.37,10.108377456665039
16.84000015258789,13.67,10.02299690246582
14.489999771118164,12.98,9.804511070251465
11.180000305175781,12.36,9.623656272888184
11.1899995803833,11.8,9.504497528076172
11.520000457763672,11.25,9.206048011779785
13.430000305175781,10.69,9.057733535766602
12.940000534057617,10.23,12.96820068359375
13.379999160766602,9.87,12.73391342163086
16.219999313354492,9.51,12.377175331115723
15.369999885559082,9.14,12.059751510620117
9.850000381469727,8.92,11.831095695495605
13.670000076293945,8.83,11.532410621643066
11.3100004196167,8.74,11.325485229492188
8.220000267028809,8.65,11.073766708374023
7.749999523162842,8.57,10.861029624938965
4.980000019073486,8.5,10.645589828491211
5.320000171661377,8.43,10.5349760055542
4.96999979019165,8.36,10.300711631774902
3.799999952316284,8.36,10.128059387207031
7.169999599456787,8.42,10.012359619140625
7.609999656677246,8.49,9.712722778320312
13.3100004196167,8.55,9.553637504577637
13.050000190734863,8.51,13.177495956420898
13.3100004196167,8.38,12.867780685424805
8.949999809265137,8.24,12.445755958557129
7.059999942779541,8.11,12.09090518951416
6.699999809265137,8.03,11.830089569091797
6.179999828338623,8.0,11.45895767211914
9.15999984741211,7.97,11.20970630645752
9.460000038146973,7.94,10.883635520935059
7.589999675750732,7.94,10.619441986083984
8.920000076293945,7.97,10.385181427001953
6.679999828338623,8.0,10.221177101135254
5.289999961853027,8.04,9.94406795501709
5.449999809265137,8.01,9.694049835205078
6.890000343322754,7.93,9.536161422729492
6.189999580383301,7.85,9.272979736328125
4.309999942779541,7.78,9.067461967468262
4.579999923706055,7.7,5.174534320831299
3.4700000286102295,7.63,5.049047946929932
3.3299999237060547,7.57,4.834965705871582
3.049999952316284,7.5,4.625035762786865
4.309999942779541,7.38,4.499231815338135
2.369999885559082,7.21,4.36128044128418
2.380000114440918,7.05,4.210436820983887
3.3299999237060547,6.88,4.0456647872924805
2.559999942779541,6.73,3.919826030731201
4.519999980926514,6.59,3.8775699138641357
3.5,6.44,3.8060436248779297
3.1600000858306885,6.3,3.812251329421997
3.009999990463257,6.18,3.7080941200256348
2.740000009536743,6.07,3.6042134761810303
3.9800000190734863,5.96,3.491335868835449
2.309999942779541,5.85,3.5019404888153076
1.4900000095367432,5.8,2.953199625015259
1.899999976158142,5.82,2.9607350826263428
3.0799999237060547,5.83,2.946728229522705
5.630000114440918,5.85,2.957108974456787
8.050000190734863,5.92,3.045551300048828
7.330000400543213,6.03,3.1320648193359375
12.039999961853027,6.15,3.1335129737854004
12.229998588562012,6.26,3.16583514213562
16.030000686645508,6.47,3.248986005783081
17.639999389648438,6.78,3.400763750076294
15.449999809265137,7.08,3.451624870300293
19.510000228881836,7.39,3.641207695007324
22.950000762939453,7.77,3.7329041957855225
26.549999237060547,8.23,3.7461097240448
30.420000076293945,8.7,3.7428832054138184
31.899999618530273,9.16,3.879319190979004
37.560001373291016,9.82,30.299402236938477
36.81999969482422,10.66,30.375051498413086
38.77000045776367,11.51,30.33352279663086
39.38999938964844,12.36,30.71973419189453
39.75,13.44,31.296703338623047
39.189998626708984,14.75,31.459083557128906
38.779998779296875,16.06,31.684642791748047
37.56999969482422,17.37,31.967918395996094
37.61000061035156,18.55,32.462867736816406
36.02000045776367,19.6,32.44518280029297
39.150001525878906,20.66,32.59159469604492
37.27000045776367,21.71,32.30556869506836
36.68000030517578,22.5,32.4453010559082
34.880001068115234,23.03,32.81000900268555
33.11000061035156,23.56,32.52537536621094
37.75,24.09,32.288333892822266
39.54999923706055,30.54,36.76325225830078
40.7599983215332,30.16,36.56871795654297
39.36000061035156,29.77,36.36585998535156
35.40999984741211,29.38,36.20622634887695
38.84000015258789,28.8,36.209171295166016
38.380001068115234,28.02,35.86296463012695
35.880001068115234,27.24,36.039371490478516
38.630001068115234,26.46,36.031410217285156
32.349998474121094,26.0,35.97150802612305
36.849998474121094,25.84,35.61208724975586
39.45000076293945,25.69,35.69286346435547
40.83000183105469,25.53,35.148075103759766
35.47999954223633,25.6,35.044349670410156
37.91999816894531,25.89,35.1197624206543
38.97999954223633,26.18,34.551509857177734
40.400001525878906,26.46,34.161190032958984
36.189998626708984,26.7,38.2682991027832
37.65999984741211,26.9,37.97477722167969
33.650001525878906,27.1,37.62894821166992
36.40999984741211,27.29,37.3600959777832
38.779998779296875,27.34,37.25992202758789
36.63999938964844,27.24,36.847877502441406
33.77000045776367,27.14,36.89072036743164
33.119998931884766,27.04,36.74607849121094
34.15999984741211,26.93,36.639930725097656
33.68000030517578,26.82,36.21712875366211
30.19999885559082,26.7,36.1961784362793
28.290000915527344,26.58,35.5338020324707
27.940000534057617,26.44,35.31382369995117
29.540002822875977,26.28,35.35931396484375
26.40999984741211,26.12,34.77231979370117
23.059999465942383,25.95,34.24952697753906
16.229999542236328,25.81,24.02932357788086
20.329999923706055,25.7,24.133882522583008
20.280000686645508,25.59,24.107799530029297
23.59000015258789,25.48,24.17333984375
21.139999389648438,25.36,24.320011138916016
18.450000762939453,25.24,24.209070205688477
13.930000305175781,25.12,24.489553451538086
14.079999923706055,25.0,24.657421112060547
17.959999084472656,24.84,24.741422653198242
17.06999969482422,24.64,24.686227798461914
14.989999771118164,24.44,24.829254150390625
16.260000228881836,24.25,24.70025634765625
14.25999927520752,24.02,24.76935386657715
19.280000686645508,23.78,24.93597412109375
19.579999923706055,23.53,24.611875534057617
22.889999389648438,23.29,24.481538772583008
20.3799991607666,23.02,23.681520462036133
23.360000610351562,22.74,23.710721969604492
11.020000457763672,22.45,23.721223831176758
6.28000020980835,22.16,23.905141830444336
6.62999963760376,21.9,24.16854476928711
12.459999084472656,21.67,24.26654624938965
20.420000076293945,21.44,24.481882095336914
18.690000534057617,21.21,24.66416358947754
13.680000305175781,21.18,24.895341873168945
15.75,21.33,24.952613830566406
19.81999969482422,21.48,25.08512306213379
15.219999313354492,21.64,24.913047790527344
17.190000534057617,21.93,25.11482810974121
27.860000610351562,22.35,25.31222915649414
31.240001678466797,22.78,25.03823471069336
30.809999465942383,23.2,24.908090591430664
29.440000534057617,23.52,29.030120849609375
24.399999618530273,23.73,28.72860336303711
25.169998168945312,23.94,28.40337371826172
27.48999786376953,24.15,28.218420028686523
27.530000686645508,24.34,28.18255043029785
29.450000762939453,24.5,27.99053955078125
31.84000015258789,24.66,27.9080867767334
36.38999938964844,24.81,27.744949340820312
35.4900016784668,24.84,27.736482620239258
32.029998779296875,24.74,27.496082305908203
30.31999969482422,24.64,27.41644859313965
27.700002670288086,24.54,26.85985565185547
23.59000015258789,24.43,26.76933479309082
21.350000381469727,24.31,26.783361434936523
18.799999237060547,24.2,26.36726951599121
20.209999084472656,24.08,25.999067306518555
23.190000534057617,24.02,21.83291244506836
19.3799991607666,24.0,21.84101104736328
17.079999923706055,23.99,21.796043395996094
15.09000015258789,23.97,21.81803321838379
15.239999771118164,23.96,21.962560653686523
14.580000877380371,23.96,21.86899185180664
11.670000076293945,23.96,22.119579315185547
13.729999542236328,23.95,22.252490997314453
16.6200008392334,23.91,22.321096420288086
12.90999984741211,23.84,22.344301223754883
14.459999084472656,23.76,22.432270050048828
15.010000228881836,23.69,22.31945037841797
8.789999961853027,23.51,22.42447853088379
10.529999732971191,23.24,22.493471145629883
12.299999237060547,22.96,22.227519989013672
16.68000030517578,22.68,22.15601348876953
18.969999313354492,21.44,15.417024612426758
18.059999465942383,20.71,15.027754783630371
19.920000076293945,19.97,14.590476989746094
21.059999465942383,19.24,14.104480743408203
19.299999237060547,18.59,13.73896312713623
19.600000381469727,18.04,13.365564346313477
18.899999618530273,17.49,13.089329719543457
19.030000686645508,16.94,12.739327430725098
15.980000495910645,16.61,12.380645751953125
17.549999237060547,16.5,12.14563274383545
20.860000610351562,16.38,11.923370361328125
19.350000381469727,16.27,11.586779594421387
17.639999389648438,16.21,11.349778175354004
19.940000534057617,16.21,11.04992389678955
20.989999771118164,16.21,10.764012336730957
19.520000457763672,16.2,10.55574893951416
15.499999046325684,16.26,18.948957443237305
18.280000686645508,16.39,18.70801544189453
18.520000457763672,16.52,18.35857582092285
17.780000686645508,16.64,18.085908889770508
16.31999969482422,16.76,17.975614547729492
17.530000686645508,16.86,17.800601959228516
16.790000915527344,16.96,17.60443878173828
17.860000610351562,17.06,17.478328704833984
19.489999771118164,17.2,17.333620071411133
19.440000534057617,17.39,17.185016632080078
18.90999984741211,17.58,17.033369064331055
16.479999542236328,17.76,16.699932098388672
22.1299991607666,17.95,16.66396713256836
20.700000762939453,18.13,16.525239944458008
20.65999984741211,18.3,16.265031814575195
22.479999542236328,18.48,16.103073120117188
22.450000762939453,18.84,22.52243995666504
26.21000099182129,19.37,22.34760093688965
21.219999313354492,19.91,22.05199432373047
18.829999923706055,20.44,21.89801788330078
24.540000915527344,21.06,21.84956932067871
25.560001373291016,21.76,21.669605255126953
28.430002212524414,22.46,21.601457595825195
27.90999984741211,23.16,21.52921485900879
25.1200008392334,23.82,21.452373504638672
30.489999771118164,24.46,21.300031661987305
30.130001068115234,25.1,21.198843002319336
29.690000534057617,25.73,20.8282413482666
29.81999969482422,26.28,20.807289123535156
31.209999084472656,26.73,20.78567123413086
27.690000534057617,27.17,20.48015022277832
28.599998474121094,27.62,20.26869010925293
28.959999084472656,27.99,28.61689567565918
28.3700008392334,28.27,28.495168685913086
36.459999084472656,28.55,28.221426010131836
38.439998626708984,28.83,28.178916931152344
37.290000915527344,29.03,28.220993041992188
38.130001068115234,29.14,28.030914306640625
38.31999969482422,29.26,28.100717544555664
32.689998626708984,29.37,28.136829376220703
32.970001220703125,29.4,28.13686180114746
31.979999542236328,29.36,27.987756729125977
31.80999755859375,29.31,27.995952606201172
23.690000534057617,29.26,27.563796997070312
23.720001220703125,29.18,27.560937881469727
23.1299991607666,29.06,27.65803337097168
25.329998016357422,28.94,27.323505401611328
27.020000457763672,28.81,27.074462890625
24.590002059936523,28.73,27.741838455200195
27.409997940063477,28.68,27.555156707763672
26.8799991607666,28.64,27.300928115844727
26.439998626708984,28.59,27.11626434326172
25.400001525878906,28.61,27.058181762695312
26.8700008392334,28.69,26.7436466217041
32.279998779296875,28.77,26.82436180114746
33.4900016784668,28.85,26.741689682006836
36.189998626708984,28.85,26.644512176513672
36.189998626708984,28.79,26.436662673950195
36.4900016784668,28.73,26.42133140563965
35.029998779296875,28.66,26.025964736938477
37.400001525878906,28.53,25.93060302734375
34.150001525878906,28.34,25.928180694580078
36.029998779296875,28.15,25.509098052978516
34.790000915527344,27.95,25.211029052734375
36.16999816894531,27.72,31.95561408996582
37.310001373291016,27.46,31.329010009765625
38.599998474121094,27.19,30.630325317382812
37.630001068115234,26.92,29.849273681640625
35.689998626708984,26.52,29.256080627441406
36.029998779296875,25.99,28.489383697509766
34.08000183105469,25.46,28.14397621154785
31.530000686645508,24.92,27.54056167602539
27.3700008392334,24.34,27.003643035888672
27.389999389648438,23.71,26.356616973876953
26.579999923706055,23.08,26.092527389526367
28.450000762939453,22.45,25.252544403076172
26.06999969482422,21.65,24.720901489257812
25.520000457763672,20.7,24.44222068786621
26.750001907348633,19.74,23.798828125
27.400001525878906,18.79,23.185617446899414
28.649999618530273,15.88,25.069826126098633
26.940000534057617,15.24,24.467063903808594
26.15999984741211,14.6,23.781808853149414
25.400001525878906,13.96,23.046823501586914
21.25,13.34,22.43897247314453
16.489999771118164,12.75,21.739809036254883
16.90999984741211,12.16,21.327259063720703
15.09999942779541,11.56,20.740562438964844
15.800000190734863,11.04,20.186731338500977
15.219999313354492,10.57,19.638866424560547
13.580000877380371,10.11,19.387250900268555
13.880000114440918,9.65,18.667734146118164
13.459999084472656,9.25,18.210784912109375
15.479999542236328,8.92,17.928117752075195
13.229998588562012,8.59,17.386871337890625
13.630000114440918,8.25,16.891477584838867
7.089999675750732,7.99,13.693194389343262
8.5,7.79,13.410287857055664
9.670000076293945,7.59,12.99747085571289
9.430000305175781,7.39,12.628437042236328
7.830000400543213,7.24,12.365621566772461
7.529999732971191,7.13,12.011975288391113
7.549999713897705,7.03,11.757390022277832
8.380000114440918,6.92,11.455804824829102
11.5600004196167,6.89,11.1808500289917
13.339999198913574,6.94,10.929351806640625
8.619999885559082,6.98,10.755401611328125
9.65999984741211,7.02,10.452391624450684
9.510000228881836,7.11,10.237793922424316
9.479999542236328,7.26,10.083996772766113
10.170000076293945,7.4,9.789341926574707
9.8100004196167,7.54,9.59408187866211
9.850000381469727,7.73,10.14706802368164
9.520000457763672,7.96,10.052577018737793
7.669999599456787,8.19,9.858443260192871
6.679999828338623,8.41,9.754816055297852
5.130000114440918,8.78,9.750809669494629
4.25,9.29,9.65440559387207
6.840000152587891,9.8,9.562472343444824
10.539999961853027,10.32,9.493963241577148
15.189998626708984,10.84,9.48189926147461
13.609999656677246,11.39,9.431748390197754
13.569999694824219,11.94,9.37778377532959
18.719999313354492,12.49,9.330503463745117
16.790000915527344,12.98,9.306785583496094
14.199999809265137,13.41,9.291768074035645
14.379999160766602,13.84,9.12491512298584
14.449999809265137,14.27,9.086939811706543
12.720000267028809,14.6,14.631122589111328
12.229998588562012,14.83,14.464176177978516
10.289999961853027,15.07,14.201775550842285
9.8100004196167,15.3,14.046886444091797
9.720000267028809,15.38,13.99512004852295
9.260000228881836,15.29,13.874499320983887
10.479999542236328,15.21,13.75936222076416
12.0,15.13,13.638557434082031
11.940000534057617,14.94,13.583953857421875
12.989999771118164,14.65,13.475444793701172
10.729999542236328,14.36,13.403767585754395
13.359999656677246,14.07,13.195616722106934
13.6899995803833,13.85,13.124881744384766
15.239999771118164,13.7,13.097606658935547
15.75,13.55,12.864753723144531
18.030000686645508,13.4,12.743419647216797
20.290000915527344,13.27,16.861644744873047
21.729999542236328,13.17,16.48715591430664
26.8799991607666,13.06,16.04654312133789
24.059999465942383,12.95,15.665605545043945
21.030000686645508,12.93,15.43167495727539
21.139999389648438,12.98,15.118998527526855
23.760000228881836,13.04,14.839208602905273
30.610000610351562,13.09,14.491044044494629
29.6299991607666,13.16,14.289231300354004
29.1200008392334,13.23,14.013508796691895
29.520000457763672,13.31,13.837605476379395
33.459999084472656,13.38,13.45712661743164
35.290000915527344,13.45,13.194575309753418
38.72999954223633,13.51,13.045830726623535
37.150001525878906,13.56,12.709107398986816
35.7400016784668,13.62,12.446019172668457
34.189998626708984,13.73,32.93360137939453
36.18000030517578,13.91,32.20826721191406
38.33000183105469,14.08,31.41074562072754
38.54999923706055,14.25,30.66750144958496
38.18000030517578,14.41,30.111295700073242
38.59000015258789,14.55,29.384737014770508
36.79999923706055,14.69,28.861995697021484
35.86000061035156,14.83,28.238956451416016
26.969999313354492,14.89,27.806978225708008
29.080001831054688,14.88,27.10551643371582
37.290000915527344,14.87,26.86415672302246
34.81999969482422,14.86,25.914695739746094
37.540000915527344,14.73,25.382793426513672
34.939998626708984,14.47,25.19733238220215
32.34000015258789,14.22,24.545297622680664
29.520000457763672,13.97,23.88581657409668
26.170000076293945,16.03,28.143001556396484
25.81999969482422,15.4,27.87364959716797
22.68000030517578,14.78,27.50545310974121
24.18000030517578,14.16,27.19461441040039
21.75,13.58,27.045475006103516
20.639999389648438,13.05,26.716978073120117
17.719999313354492,12.52,26.598159790039062
15.850001335144043,12.0,26.3706111907959
11.89000129699707,11.44,26.218482971191406
11.620000839233398,10.87,25.82596778869629
12.319999694824219,10.29,25.765762329101562
9.180000305175781,9.71,25.206499099731445
7.589999675750732,9.24,24.96778678894043
8.75,8.89,24.976789474487305
7.149999618530273,8.54,24.506229400634766
7.659999847412109,8.19,24.100540161132812
7.420000076293945,7.86,8.674278259277344
5.739999771118164,7.55,8.585264205932617
3.880000114440918,7.24,8.364363670349121
2.180000066757202,6.92,8.18735122680664
2.490000009536743,6.63,8.084137916564941
2.8399999141693115,6.37,7.9159674644470215
2.390000104904175,6.1,7.813586711883545
2.640000104904175,5.83,7.692200660705566
0.7099999189376831,5.58,7.5646233558654785
0.09999999403953552,5.34,7.492434024810791
0.09999999403953552,5.11,7.449405670166016
-0.030000001192092896,4.88,7.396796703338623
-0.10999999940395355,4.66,7.337635040283203
-0.10000000149011612,4.46,7.278199195861816
-0.12999999523162842,4.26,7.095737457275391
-0.10999999940395355,4.06,7.0737690925598145
-0.10000000149011612,3.9,0.0922551155090332
-0.10000000149011612,3.78,0.19201919436454773
-0.11999999731779099,3.66,0.24538199603557587
-0.10999999940395355,3.55,0.30783915519714355
-0.15000000596046448,3.44,0.45018306374549866
-0.10999999940395355,3.35,0.5642878413200378
-0.10000000149011612,3.26,0.601446270942688
-0.10999999940395355,3.17,0.7190426588058472
-0.10000000149011612,3.07,0.8477668166160583
-0.12999999523162842,2.96,1.0510189533233643
-0.10000000149011612,2.86,1.1280322074890137
-0.10000000149011612,2.75,1.4496160745620728
-0.11999999731779099,2.64,1.598632574081421
-0.10999999940395355,2.52,1.6304751634597778
-0.10999999940395355,2.4,1.6830065250396729
-0.10000000149011612,2.29,1.900030493736267
-0.11999999731779099,2.15,0.2077888548374176
-0.10000000149011612,2.01,0.18231017887592316
-0.10000000149011612,1.86,0.11061079800128937
-0.11999999731779099,1.72,-0.005948501173406839
-0.10999999940395355,1.6,-0.04487792029976845
-0.10999999940395355,1.5,-0.045031242072582245
-0.10999999940395355,1.4,-0.09491465240716934
-0.11999999731779099,1.3,-0.15676601231098175
-0.10999999940395355,1.2,-0.20744328200817108
-0.10000000149011612,1.08,-0.08763016015291214
-0.12999999523162842,0.96,-0.07672183215618134
-0.11999999731779099,0.84,0.12704075872898102
-0.12999999523162842,0.75,0.14667683839797974
-0.11999999731779099,0.67,0.06595191359519958
-0.12999999523162842,0.59,0.104580819606781
-0.10000000149011612,0.51,0.23181608319282532
-0.10999999940395355,0.45,0.09280366450548172
-0.11999999731779099,0.42,0.07568205147981644
-0.11999999731779099,0.38,0.01539388857781887
-0.10999999940395355,0.34,-0.09824071079492569
-0.10999999940395355,0.32,-0.13510675728321075
-0.04999999701976776,0.31,-0.11594358086585999
0.5300000309944153,0.3,-0.1659046709537506
-0.11999999731779099,0.29,-0.21497990190982819
-0.10999999940395355,0.3,-0.26351815462112427
-0.11999999731779099,0.31,-0.13615207374095917
-0.10999999940395355,0.33,-0.12222705036401749
-0.10999999940395355,0.35,0.08477232605218887
-0.10000000149011612,0.37,0.10030007362365723
-0.10000000149011612,0.39,0.01738843508064747
-0.11999999731779099,0.41,0.05664221569895744
-0.10999999940395355,0.43,0.19024953246116638
-0.11999999731779099,0.44,0.27036184072494507
-0.10999999940395355,0.44,0.22706106305122375
-0.10999999940395355,0.44,0.14123767614364624
-0.10999999940395355,0.43,0.017775487154722214
-0.09000000357627869,0.43,-0.026841146871447563
-0.10999999940395355,0.42,-0.03412291035056114
-0.10999999940395355,0.41,-0.09142231941223145
-0.11999999731779099,0.4,-0.17757892608642578
-0.10999999940395355,0.39,-0.25825753808021545
-0.10999999940395355,0.39,-0.13637761771678925
-0.10000000149011612,0.38,-0.13361306488513947
-0.10000000149011612,0.37,0.05253182724118233
-0.11999999731779099,0.36,0.0661386251449585
-0.11999999731779099,0.36,-0.02651883102953434
-0.12999999523162842,0.36,0.01291961595416069
-0.10999999940395355,0.36,0.12295898795127869
-0.11999999731779099,0.55,0.5058041214942932
-0.10000000149011612,0.55,0.4930143654346466
-0.10000000149011612,0.54,0.3820468783378601
-0.11999999731779099,0.54,0.3059706687927246
-0.11999999731779099,0.51,0.333477258682251
0.03999998793005943,0.45,0.3480503261089325
-0.12999999523162842,0.39,0.32781389355659485
-0.10000000149011612,0.32,0.23262834548950195
-0.11999999731779099,0.28,0.11718795448541641
-0.10000000149011612,0.26,0.24570293724536896
-0.10999999940395355,0.23,0.2404879629611969
-0.11999999731779099,0.21,0.4223923087120056
-0.12999999523162842,0.18,0.47168493270874023
-0.10999999940395355,0.16,0.3878445029258728
-0.10000000149011612,0.14,0.4388740658760071
-0.11999999731779099,0.12,0.5182524919509888
0.010000007227063179,0.12,-0.5600737929344177
0.12999999523162842,0.14,-0.4527376592159271
-0.030000001192092896,0.16,-0.28048646450042725
-0.04999999701976776,0.17,0.1972021609544754
-0.10999999940395355,0.23,0.6564505696296692
-0.10999999940395355,0.32,1.0241161584854126
-0.11999999731779099,0.41,1.1704989671707153
-0.06000000238418579,0.5,1.529342770576477
-0.14000000059604645,0.69,1.9544488191604614
-0.06000000238418579,0.98,2.456296920776367
1.840000033378601,1.27,2.776671886444092
2.8499999046325684,1.56,3.2005813121795654
3.0999999046325684,1.88,3.7661750316619873
3.5199999809265137,2.24,4.071161270141602
5.050000190734863,2.61,4.311896800994873
6.529999732971191,2.97,4.60922384262085
9.739999771118164,3.41,8.762226104736328
10.239999771118164,3.92,9.169425010681152
9.15999984741211,4.44,9.507492065429688
8.319999694824219,4.96,10.14872932434082
6.549999713897705,5.52,10.856978416442871
6.350000381469727,6.13,11.387930870056152
6.760000228881836,6.73,11.823905944824219
7.28000020980835,7.34,12.369903564453125
10.039999961853027,7.95,12.977470397949219
12.059999465942383,8.57,13.4242525100708
11.729999542236328,9.19,13.74423599243164
14.700000762939453,9.81,14.17281723022461
14.059999465942383,10.44,14.622793197631836
11.420001029968262,11.07,15.025766372680664
12.529999732971191,11.69,15.11532211303711
14.210000038146973,12.32,15.394932746887207
13.680000305175781,12.75,14.180764198303223
9.25,12.98,14.045784950256348
12.479999542236328,13.22,13.814238548278809
16.200000762939453,13.45,13.685543060302734
13.770001411437988,13.54,13.671538352966309
13.119999885559082,13.51,13.59392261505127
13.90999984741211,13.46,13.513348579406738
11.4399995803833,13.43,13.41379165649414
11.4399995803833,13.31,13.405607223510742
12.729999542236328,13.12,13.318577766418457
11.550000190734863,12.92,13.292799949645996
14.039999961853027,12.73,13.138877868652344
11.860000610351562,12.55,13.084078788757324
12.059999465942383,12.39,13.086181640625
15.680000305175781,12.22,12.861465454101562
20.6200008392334,12.06,12.76140022277832
18.079999923706055,11.87,19.654876708984375
16.34000015258789,11.66,19.365642547607422
9.640000343322754,11.45,19.04832649230957
8.65999984741211,11.24,18.856359481811523
8.279999732971191,11.09,18.803457260131836
7.460000038146973,11.0,18.638057708740234
9.039999961853027,10.92,18.495445251464844
9.029999732971191,10.83,18.304821014404297
12.90999984741211,10.76,18.310840606689453
13.339999198913574,10.7,18.124929428100586
12.09999942779541,10.64,18.074756622314453
14.3100004196167,10.58,17.760143280029297
18.360000610351562,10.49,17.6488037109375
17.8799991607666,10.36,17.6298885345459
18.049999237060547,10.24,17.28858757019043
21.100000381469727,10.11,17.05785369873047
21.239999771118164,10.05,20.30707550048828
19.049999237060547,10.07,20.073537826538086
16.3799991607666,10.09,19.763450622558594
18.219999313354492,10.11,19.59389305114746
18.059999465942383,10.13,19.570690155029297
16.389999389648438,10.16,19.38779640197754
18.399999618530273,10.19,19.270721435546875
19.729999542236328,10.22,19.111190795898438
22.56999969482422,10.18,19.112924575805664
27.530000686645508,10.09,18.911319732666016
26.999998092651367,9.99,18.87462615966797
26.459997177124023,9.9,18.55538558959961
26.0,9.66,18.450435638427734
25.62000274658203,9.3,18.47157096862793
22.43000030517578,8.93,18.13947868347168
21.479999542236328,8.56,17.913911819458008
19.579999923706055,11.13,21.376667022705078
22.610000610351562,10.91,21.16133689880371
21.610000610351562,10.69,20.86042022705078
20.979999542236328,10.48,20.560121536254883
19.920000076293945,10.2,20.378307342529297
17.93000030517578,9.86,20.10224723815918
15.499999046325684,9.52,19.9833984375
13.829999923706055,9.19,19.78488540649414
12.270000457763672,8.79,19.61265754699707
16.260000228881836,8.34,19.278640747070312
14.550000190734863,7.89,19.262170791625977
7.539999961853027,7.44,18.880449295043945
8.100000381469727,7.03,18.70383071899414
7.980000019073486,6.66,18.690641403198242
10.380000114440918,6.29,18.265718460083008
9.329999923706055,5.92,18.008373260498047
9.640000343322754,5.68,8.946501731872559
7.7099995613098145,5.57,8.79470157623291
6.250000476837158,5.46,8.4821195602417
4.71999979019165,5.35,8.192437171936035
4.909999847412109,5.19,7.994487762451172
7.330000400543213,4.98,7.738170146942139
5.510000228881836,4.77,7.552224159240723
5.670000076293945,4.56,7.33799409866333
5.010000228881836,4.39,7.144423484802246
5.920000076293945,4.24,6.976235866546631
6.669999599456787,4.1,6.9012675285339355
5.079999923706055,3.95,6.792868614196777
3.1600000858306885,3.81,6.646625518798828
3.7899999618530273,3.67,6.534090518951416
2.569999933242798,3.53,6.301767349243164
2.049999952316284,3.39,6.23684549331665
1.2999999523162842,3.21,3.258488655090332
0.9399999380111694,2.97,3.2201035022735596
0.7599999904632568,2.74,3.104072332382202
0.6599999666213989,2.5,2.984529733657837
1.2100000381469727,2.29,2.9556493759155273
1.2000000476837158,2.11,2.907100200653076
1.1399999856948853,1.92,2.814593553543091
1.090000033378601,1.73,2.746995687484741
0.46000000834465027,1.57,2.7283496856689453
0.75,1.44,2.763319969177246
0.49000000953674316,1.31,2.753174066543579
0.3700000047683716,1.18,2.8771820068359375
0.3400000035762787,1.05,2.8709449768066406
0.38999998569488525,0.93,2.8085319995880127
0.6200000643730164,0.81,2.743931770324707
-0.09000000357627869,0.7,2.8393988609313965
0.0,0.6,0.9920739531517029
-0.09000000357627869,0.52,0.9796140193939209
-0.10999999940395355,0.44,0.906559944152832
-0.10999999940395355,0.36,0.7827631831169128
-0.10000000149011612,0.31,0.7203666567802429
-0.11999999731779099,0.28,0.740488588809967
-0.11999999731779099,0.25,0.6820935010910034
-0.10999999940395355,0.22,0.6413310170173645
-0.10999999940395355,0.21,0.6091273427009583
-0.10000000149011612,0.22,0.7120198607444763
-0.10999999940395355,0.24,0.7217376828193665
-0.10000000149011612,0.26,0.9116584062576294
-0.11999999731779099,0.26,0.8914294242858887
-0.11999999731779099,0.24,0.8116176128387451
-0.10000000149011612,0.23,0.8208721280097961
-0.10999999940395355,0.21,0.9547016024589539
-0.10000000149011612,0.21,0.7876360416412354
-0.10999999940395355,0.22,0.764714777469635
-0.10000000149011612,0.24,0.6769071221351624
-0.12999999523162842,0.25,0.576412558555603
-0.11999999731779099,0.27,0.5607423782348633
-0.10000000149011612,0.28,0.5824609398841858
-0.10000000149011612,0.3,0.5456609725952148
-0.10000000149011612,0.31,0.47825729846954346
-0.10999999940395355,0.33,0.40871942043304443
-0.10999999940395355,0.35,0.5318095684051514
-0.12999999523162842,0.37,0.5389556884765625
-0.11999999731779099,0.39,0.727647066116333
-0.03999998793005943,0.41,0.7458760142326355
-0.06000000238418579,0.43,0.6661370992660522
0.09999999403953552,0.44,0.7003673911094666
0.07999999821186066,0.46,0.8021716475486755
0.12999999523162842,0.5,0.9892255663871765
0.3199999928474426,0.55,0.9582347869873047
0.559999942779541,0.61,0.8628918528556824
0.5699999332427979,0.66,0.7790466547012329
0.2199999988079071,0.71,0.7938629984855652
0.019999993965029716,0.74,0.8046738505363464
-0.10000000149011612,0.77,0.7621307969093323
-0.04999999701976776,0.8,0.6884430646896362
-0.10000000149011612,0.84,0.6136881113052368
-0.03999998793005943,0.89,0.729200005531311
-0.10999999940395355,0.93,0.7229915261268616
-0.12999999523162842,0.98,0.9033469557762146
-0.10000000149011612,0.99,0.9335377216339111
-0.10999999940395355,0.96,0.8574656248092651
-0.10000000149011612,0.94,0.8765742778778076
-0.07000000029802322,0.91,0.9647063612937927
-0.11999999731779099,1.62,0.7155857086181641
-0.09000000357627869,1.59,0.703014075756073
-0.030000001192092896,1.55,0.6318148374557495
-0.04999999701976776,1.52,0.5807573199272156
-0.09000000357627869,1.48,0.6206353306770325
-0.10000000149011612,1.44,0.6822910904884338
-0.09000000357627869,1.4,0.6663851737976074
-0.07000000029802322,1.36,0.6235790848731995
-0.09000000357627869,1.36,0.5756629705429077
-0.12999999523162842,1.41,0.7297056317329407
-0.11999999731779099,1.45,0.7446780204772949
-0.12999999523162842,1.5,0.949840247631073
-0.11999999731779099,1.54,0.9858266115188599
-0.12999999523162842,1.56,0.9297108054161072
-0.11999999731779099,1.59,0.9665060043334961
-0.11999999731779099,1.62,1.0695613622665405
-0.10000000149011612,1.68,0.8106642961502075
-0.06000000238418579,1.78,0.7795692682266235
-0.14000000059604645,1.88,0.7013030052185059
-0.10999999940395355,1.98,0.6474257111549377
-0.12999999523162842,2.05,0.7035790085792542
-0.10999999940395355,2.09,0.7290180921554565
-0.07999999821186066,2.12,0.6938107013702393
0.16999998688697815,2.16,0.6354959607124329
0.8600000143051147,2.15,0.5922918915748596
0.3400000035762787,2.1,0.7348272800445557
0.1899999976158142,2.04,0.7384981513023376
0.019999993965029716,1.99,0.9350014328956604
0.010000007227063179,1.96,0.99386066198349
-0.07000000029802322,1.96,0.929496169090271
0.09000000357627869,1.96,0.9607056975364685
0.38999998569488525,1.96,1.0591048002243042
-0.06000000238418579,1.98,0.8739657402038574
-0.010000007227063179,2.02,0.9710429906845093
-0.07999999821186066,2.06,1.0699042081832886
-0.04999999701976776,2.1,1.2535570859909058
-0.07000000029802322,2.16,1.5245747566223145
-0.09000000357627869,2.24,1.7738643884658813
-0.04999999701976776,2.31,1.8904366493225098
-0.1599999964237213,2.39,2.055079698562622
-0.11999999731779099,2.48,2.2677505016326904
0.10999999940395355,2.6,2.573517084121704
0.30000001192092896,2.72,2.6864511966705322
1.100000023841858,2.84,3.0379409790039062
2.5799999237060547,3.08,3.3039393424987793
2.5,3.43,3.3851888179779053
4.059999942779541,3.78,3.4724323749542236
3.5,4.14,3.6688232421875
6.430000305175781,4.7,3.948382616043091
5.539999485015869,5.48,4.524846076965332
6.239999771118164,6.26,5.162431240081787
7.470000267028809,7.04,6.134166717529297
8.699999809265137,7.85,7.21345853805542
6.830000400543213,8.71,8.152640342712402
10.470000267028809,9.57,8.773171424865723
14.700000762939453,10.43,9.670975685119629
18.110000610351562,11.27,10.715034484863281
19.399999618530273,12.1,11.524341583251953
13.430000305175781,12.93,12.007163047790527
9.890000343322754,13.75,12.76803207397461
10.720000267028809,14.53,13.593697547912598
10.380000114440918,15.25,14.154327392578125
8.600000381469727,15.98,14.42698860168457
11.289999961853027,16.7,14.904865264892578
11.569999694824219,17.2,12.906925201416016
12.239999771118164,17.49,13.336675643920898
9.729999542236328,17.77,13.76242733001709
7.539999961853027,18.05,14.48972225189209
6.440000057220459,18.13,15.356295585632324
4.869999885559082,18.03,15.997041702270508
3.390000104904175,17.92,16.478046417236328
5.079999923706055,17.81,17.159984588623047
8.739999771118164,17.62,18.0234432220459
11.550000190734863,17.34,18.507890701293945
13.75,17.07,18.86379051208496
8.390000343322754,16.79,19.28189468383789
5.820000171661377,16.45,19.820295333862305
6.139999866485596,16.04,20.28623390197754
13.40999984741211,15.63,20.262096405029297
13.940000534057617,15.22,20.511066436767578
12.189998626708984,14.83,12.823134422302246
12.139999389648438,14.47,12.82633113861084
16.3700008392334,14.11,12.781582832336426
13.649999618530273,13.74,12.885774612426758
8.5,13.42,13.18308162689209
5.850000381469727,13.14,13.332137107849121
5.590000152587891,12.86,13.377124786376953
9.399999618530273,12.58,13.51032543182373
10.270000457763672,12.17,13.812504768371582
5.360000133514404,11.64,13.928791999816895
6.619999885559082,11.12,13.987495422363281
13.660000801086426,10.59,14.038116455078125
13.399999618530273,10.03,14.140697479248047
17.6200008392334,9.44,14.234892845153809
20.56999969482422,8.85,14.083648681640625
17.020000457763672,8.27,14.096891403198242
19.8700008392334,10.81,12.210119247436523
16.479999542236328,10.32,11.637420654296875
9.270000457763672,9.82,10.949874877929688
9.0600004196167,9.33,10.227270126342773
5.380000114440918,8.82,9.69807243347168
5.019999980926514,8.3,9.06412410736084
5.099999904632568,7.77,8.525920867919922
7.2099995613098145,7.25,7.837279319763184
6.2900004386901855,6.59,7.2566046714782715
6.360000133514404,5.79,6.8028693199157715
4.860000133514404,4.99,6.458413124084473
3.3399999141693115,4.19,5.960887432098389
4.349999904632568,3.58,5.413992404937744
4.53000020980835,3.16,4.991493225097656
3.5399999618530273,2.74,4.6156182289123535
3.6500000953674316,2.32,4.272109031677246
3.8499999046325684,2.05,3.3696815967559814
2.799999952316284,1.92,3.1645405292510986
0.5799999237060547,1.8,2.8737189769744873
-0.04999999701976776,1.68,2.607839345932007
-0.10999999940395355,1.74,2.493305206298828
-0.10999999940395355,1.97,2.2791004180908203
-0.12999999523162842,2.2,2.0659308433532715
0.22999998927116394,2.43,1.7881219387054443
11.74000072479248,2.91,1.5247416496276855
14.90999984741211,3.65,1.4745755195617676
20.190000534057617,4.38,1.3397749662399292
26.65999984741211,5.11,1.3316318988800049
27.440000534057617,5.8,1.2083462476730347
24.530000686645508,6.43,1.0069748163223267
25.560001373291016,7.07,0.9150832295417786
31.440000534057617,7.71,0.8702042698860168
28.860000610351562,8.24,27.222122192382812
29.18000030517578,8.65,26.568761825561523
27.760000228881836,9.06,25.930267333984375
31.469999313354492,9.47,25.579421997070312
31.520000457763672,10.37,25.40992546081543
36.04999923706055,11.76,24.956567764282227
35.349998474121094,13.15,24.55034828186035
29.3700008392334,14.53,24.14211082458496
34.77000045776367,16.33,24.033021926879883
34.650001525878906,18.52,23.6805419921875
33.58000183105469,20.71,23.612192153930664
34.54999923706055,22.91,22.872135162353516
38.25,24.48,22.672910690307617
38.040000915527344,25.41,22.65056610107422
31.78000259399414,26.35,22.24794578552246
34.209999084472656,27.29,21.798601150512695
33.90999984741211,27.95,34.498756408691406
36.25,28.34,34.2773551940918
36.040000915527344,28.73,34.05738067626953
34.189998626708984,29.12,33.86098098754883
34.7400016784668,29.45,33.85555648803711
37.349998474121094,29.73,33.57796096801758
38.13999938964844,30.01,33.64057159423828
35.93000030517578,30.29,33.61811828613281
38.939998626708984,30.6,33.60560989379883
37.86000061035156,30.94,33.14912796020508
38.5,31.28,33.22450637817383
39.47999954223633,31.62,32.67958450317383
38.4900016784668,31.95,32.57429504394531
37.58000183105469,32.29,32.66170120239258
39.810001373291016,32.62,32.074527740478516
35.52000045776367,32.95,31.752174377441406
37.310001373291016,33.26,35.75946044921875
37.599998474121094,33.54,35.60403823852539
35.43000030517578,33.83,35.426414489746094
40.880001068115234,34.11,35.249176025390625
39.33000183105469,34.33,35.255741119384766
37.060001373291016,34.49,34.91754913330078
38.599998474121094,34.65,35.092403411865234
41.56999969482422,34.81,35.13996887207031
39.849998474121094,34.89,35.116947174072266
41.16999816894531,34.87,34.652984619140625
40.93000030517578,34.87,34.75786590576172
41.15999984741211,34.85,34.25263977050781
39.45000076293945,34.85,34.12892532348633
40.310001373291016,34.84,34.221168518066406
41.959999084472656,34.83,33.633209228515625
38.040000915527344,34.83,33.357879638671875
39.880001068115234,34.81,38.19224166870117
41.779998779296875,34.79,37.86412048339844
40.4900016784668,34.77,37.5051383972168
40.52000045776367,34.75,37.0706672668457
40.689998626708984,34.69,36.81146240234375
40.459999084472656,34.58,36.260108947753906
42.04999923706055,34.48,36.2969970703125
39.61000061035156,34.37,36.11614227294922
42.599998474121094,34.28,35.870662689208984
40.560001373291016,34.21,35.234092712402344
41.16999816894531,34.13,35.23292922973633
41.689998626708984,34.06,34.53888702392578
40.0099983215332,34.01,34.20937728881836
38.34000015258789,33.99,34.17899703979492
40.95000076293945,33.97,33.51207733154297
41.02000045776367,33.95,33.092140197753906
39.959999084472656,33.48,40.64939498901367
40.77000045776367,33.29,40.5574951171875
39.869998931884766,33.11,40.38249588012695
36.88999938964844,32.92,39.99323654174805
32.790000915527344,32.61,39.8432502746582
34.29999923706055,32.2,39.31391525268555
27.96999740600586,31.79,39.502384185791016
33.11000061035156,31.37,39.424644470214844
35.40999984741211,31.03,39.177337646484375
35.869998931884766,30.76,38.4978141784668
36.540000915527344,30.48,38.7079963684082
29.899999618530273,30.21,37.7950439453125
31.80000114440918,30.02,37.56257247924805
34.150001525878906,29.91,37.6021842956543
36.90999984741211,29.8,37.18136978149414
37.939998626708984,29.7,36.8375244140625
40.2400016784668,29.65,38.1611213684082
38.79999923706055,29.67,38.042015075683594
40.0,29.68,37.88676071166992
40.84000015258789,29.7,37.72977066040039
40.13999938964844,29.78,37.74645233154297
37.90999984741211,29.92,37.40314483642578
35.91999816894531,30.05,37.619117736816406
39.81999969482422,30.19,37.64530563354492
39.45000076293945,30.36,37.60000991821289
35.459999084472656,30.56,37.1915397644043
37.70000076293945,30.76,37.33126449584961
34.310001373291016,30.96,36.71027755737305
31.81999969482422,31.21,36.61201477050781
34.36000061035156,31.51,36.722259521484375
37.58000183105469,31.8,36.221065521240234
41.15999984741211,32.09,35.851417541503906
39.630001068115234,32.41,39.24749755859375
39.310001373291016,32.74,38.95737838745117
38.90999984741211,33.08,38.63055419921875
38.939998626708984,33.41,38.180728912353516
39.45000076293945,33.65,37.94081115722656
42.0,33.77,37.4031982421875
41.43000030517578,33.9,37.470890045166016
39.7599983215332,34.02,37.21341323852539
39.25,34.07,36.93352508544922
39.34000015258789,34.03,36.40474319458008
40.779998779296875,33.99,36.45646286010742
38.970001220703125,33.95,35.5819206237793
40.310001373291016,33.9,35.28951644897461
38.90999984741211,33.84,35.237606048583984
40.56999969482422,33.78,34.762367248535156
37.7599983215332,33.72,34.245662689208984
38.61000061035156,33.61,36.50033187866211
35.56999969482422,33.44,36.392433166503906
35.45000076293945,33.27,36.097686767578125
39.29999923706055,33.1,35.841922760009766
41.5,32.92,35.842506408691406
40.27000045776367,32.74,35.57777404785156
35.81999969482422,32.55,35.7022705078125
37.2599983215332,32.36,35.493919372558594
34.66999816894531,32.32,35.42561340332031
38.0,32.42,34.96452713012695
40.90999984741211,32.53,35.04010772705078
42.33000183105469,32.63,34.371238708496094
39.81999969482422,32.76,34.08491134643555
37.95000076293945,32.9,34.187767028808594
38.66999816894531,33.04,33.938236236572266
37.7400016784668,33.18,33.570579528808594
38.66999816894531,33.42,36.94038009643555
32.209999084472656,33.76,36.84484100341797
38.08000183105469,34.09,36.59921646118164
35.869998931884766,34.43,36.469242095947266
37.75,34.75,36.554386138916016
42.18000030517578,35.05,36.31377029418945
41.869998931884766,35.35,36.486995697021484
40.029998779296875,35.66,36.42886734008789
41.040000915527344,35.92,36.43209457397461
40.16999816894531,36.16,36.081626892089844
38.95000076293945,36.39,36.142051696777344
38.77000045776367,36.62,35.54133605957031
36.9900016784668,36.74,35.382225036621094
39.08000183105469,36.77,35.50680923461914
38.11000061035156,36.79,35.17363739013672
40.2599983215332,36.81,34.79926300048828
40.150001525878906,36.83,38.518436431884766
39.220001220703125,36.86,38.41873550415039
40.90999984741211,36.88,38.16765213012695
39.45000076293945,36.9,37.854190826416016
40.09000015258789,36.89,37.78647232055664
40.619998931884766,36.83,37.39656448364258
39.56999969482422,36.78,37.5426025390625
38.90999984741211,36.73,37.3784294128418
38.93000030517578,36.66,37.20707321166992
39.5099983215332,36.58,36.72368621826172
33.45000076293945,36.5,36.841617584228516
34.27000045776367,36.42,35.99129867553711
32.939998626708984,36.35,35.7515983581543
29.280000686645508,36.3,35.80897521972656
32.150001525878906,36.25,35.53390884399414
37.709999084472656,36.19,35.08627700805664
40.36000061035156,36.58,37.17268753051758
40.38999938964844,36.54,36.845314025878906
39.77000045776367,36.49,36.386566162109375
38.52000045776367,36.44,35.83925247192383
37.060001373291016,36.39,35.48966979980469
37.61000061035156,36.34,34.9250602722168
32.470001220703125,36.29,34.894569396972656
36.189998626708984,36.23,34.46574783325195
32.95000076293945,36.11,34.10213088989258
26.530000686645508,35.94,33.51860046386719
32.099998474121094,35.76,33.49574661254883
28.6200008392334,35.58,32.61941146850586
32.0,35.36,32.193145751953125
25.96000099182129,35.11,32.1141357421875
28.31999969482422,34.85,31.72905731201172
29.709999084472656,34.59,31.20184326171875
28.119998931884766,34.29,30.182497024536133
31.65999984741211,33.94,30.01447296142578
35.11000061035156,33.59,29.763845443725586
30.809999465942383,33.24,29.517669677734375
31.920000076293945,32.89,29.392213821411133
26.860000610351562,32.53,29.023412704467773
27.979999542236328,32.18,29.152576446533203
25.200000762939453,31.83,29.038043975830078
22.919998168945312,31.51,28.86948013305664
21.920000076293945,31.24,28.613943099975586
21.950000762939453,30.97,28.630352020263672
19.760000228881836,30.7,28.137378692626953
23.169998168945312,30.42,27.993629455566406
19.1200008392334,30.12,27.980791091918945
23.80000114440918,29.82,27.584562301635742
25.760000228881836,29.52,27.263532638549805
24.299997329711914,29.24,25.766664505004883
28.590002059936523,28.97,25.5611515045166
23.889997482299805,28.71,25.268665313720703
28.239999771118164,28.45,25.040691375732422
25.440000534057617,28.2,24.912822723388672
27.200000762939453,27.96,24.59346580505371
24.19000244140625,27.72,24.585411071777344
23.400001525878906,27.48,24.452035903930664
21.18000030517578,27.25,24.326271057128906
27.299999237060547,27.03,24.080387115478516
28.21999740600586,26.81,24.031707763671875
29.059999465942383,26.59,23.63966178894043
28.40999984741211,26.22,23.503185272216797
26.40999984741211,25.7,23.50064468383789
19.600000381469727,25.18,23.07138442993164
21.1299991607666,24.66,22.760208129882812
21.09000015258789,24.14,22.114782333374023
19.229999542236328,23.62,22.016996383666992
20.049999237060547,23.09,21.831884384155273
19.639999389648438,22.57,21.698471069335938
25.32000160217285,22.02,21.659135818481445
26.059999465942383,21.45,21.48711395263672
25.920000076293945,20.88,21.54051971435547
22.079999923706055,20.31,21.493349075317383
24.649999618530273,20.06,21.439838409423828
23.760000228881836,20.13,21.287538528442383
23.520000457763672,20.2,21.297441482543945
27.540002822875977,20.27,21.037805557250977
25.110000610351562,20.5,20.988462448120117
23.690000534057617,20.87,21.02971649169922
19.15999984741211,21.25,20.683521270751953
19.15999984741211,21.63,20.486494064331055
17.15999984741211,22.02,19.9588623046875
16.280000686645508,22.42,19.833993911743164
21.149999618530273,22.81,19.613059997558594
22.790002822875977,23.21,19.39874839782715
22.690000534057617,23.38,19.2940673828125
22.510000228881836,23.32,19.046279907226562
20.8700008392334,23.26,19.063695907592773
21.200000762939453,23.19,18.96879005432129
16.780000686645508,23.09,18.845909118652344
15.580000877380371,22.95,18.678495407104492
13.880000114440918,22.8,18.67088508605957
17.270000457763672,22.66,18.440765380859375
17.719999313354492,22.35,18.35883903503418
17.93000030517578,21.89,18.3438720703125
20.09000015258789,21.42,18.001361846923828
21.440000534057617,20.96,17.825742721557617
19.010000228881836,20.53,19.824230194091797
23.06999969482422,20.14,19.367671966552734
22.720001220703125,19.75,18.82261085510254
20.329999923706055,19.35,18.278696060180664
17.209999084472656,18.98,17.869190216064453
18.510000228881836,18.62,17.386157989501953
23.030000686645508,18.26,17.02982521057129
18.8799991607666,17.91,16.56597900390625
16.420000076293945,17.58,16.212203979492188
16.350000381469727,17.28,15.787211418151855
18.75,16.98,15.565594673156738
18.950000762939453,16.68,15.046083450317383
21.670000076293945,16.24,14.683355331420898
21.610000610351562,15.67,14.471196174621582
22.959999084472656,15.09,14.00973129272461
14.920000076293945,14.52,13.639739990234375
16.190000534057617,17.74,14.326330184936523
15.869999885559082,16.81,13.92673397064209
15.75,15.88,13.383146286010742
14.25999927520752,14.94,12.81269645690918
13.449999809265137,14.07,12.361928939819336
11.550000190734863,13.25,11.883768081665039
11.340001106262207,12.43,11.49996280670166
9.59000015258789,11.6,11.0134859085083
9.8100004196167,10.92,10.573092460632324
12.010000228881836,10.36,10.172324180603027
8.619999885559082,9.81,9.938469886779785
3.5399999618530273,9.25,9.492690086364746
2.190000057220459,8.8,9.12434196472168
2.559999942779541,8.46,8.873723983764648
2.140000104904175,8.11,8.49760627746582
2.0999999046325684,7.76,8.22981071472168
1.5199999809265137,7.44,2.870455026626587
0.7899999618530273,7.14,2.8752448558807373
0.3199999928474426,6.84,2.7857608795166016
2.5399999618530273,6.54,2.709807872772217
2.319999933242798,6.23,2.710500955581665
3.109999895095825,5.91,2.6761112213134766
5.830000400543213,5.59,2.6048805713653564
9.069999694824219,5.26,2.593048334121704
9.6899995803833,4.95,2.598217010498047
8.4399995803833,4.65,2.653573513031006
6.460000038146973,4.35,2.6506011486053467
3.0799999237060547,4.05,2.8148081302642822
0.9700000286102295,3.8,2.84479022026062
1.3300000429153442,3.62,2.7997663021087646
0.09000000357627869,3.44,2.7406322956085205
0.25999999046325684,3.25,2.858170986175537
0.33000001311302185,3.1,1.3087671995162964
0.07999999821186066,2.99,1.2155829668045044
3.2799999713897705,2.87,1.089105486869812
1.940000057220459,2.75,0.8980298042297363
1.2000000476837158,2.67,0.7630480527877808
0.04999999701976776,2.62,0.6999925971031189
-0.10999999940395355,2.57,0.5703287124633789
-0.11999999731779099,2.53,0.4746750295162201
-0.09000000357627869,2.49,0.3850083649158478
-0.10999999940395355,2.45,0.43089860677719116
-0.09000000357627869,2.41,0.3749293386936188
-0.09000000357627869,2.38,0.5099308490753174
-0.12999999523162842,2.31,0.4905441701412201
-0.10000000149011612,2.21,0.36999237537384033
-0.14000000059604645,2.11,0.32048648595809937
-0.10000000149011612,2.01,0.42238616943359375
-0.09000000357627869,1.94,-0.8120837211608887
-0.09000000357627869,1.9,-0.8794580698013306
-0.10000000149011612,1.86,-0.7853764295578003
-0.12999999523162842,1.82,-1.0931075811386108
-0.10000000149011612,1.8,-1.060962438583374
-0.11999999731779099,1.8,-1.2886826992034912
-0.10000000149011612,1.8,-1.3117709159851074
-0.10000000149011612,1.8,-1.4411677122116089
-0.10000000149011612,1.83,-1.5138763189315796
-0.10000000149011612,1.88,-1.3723992109298706
-0.12999999523162842,1.93,-1.2963242530822754
-0.10000000149011612,1.98,-1.1585718393325806
-0.09000000357627869,2.07,-1.0482864379882812
-0.10999999940395355,2.18,-1.072433590888977
-0.10000000149011612,2.3,-0.8348503112792969
-0.09000000357627869,2.41,-0.8063052296638489
-0.10000000149011612,2.54,-0.5649651288986206
-0.12999999523162842,2.68,-0.5978373289108276
-0.10000000149011612,2.82,-0.5276472568511963
-0.12999999523162842,2.96,-0.7899352312088013
-0.10999999940395355,3.1,-0.7817096710205078
-0.09000000357627869,3.24,-0.8938696384429932
-0.09000000357627869,3.38,-0.8755991458892822
-0.09000000357627869,3.53,-0.9971226453781128
-0.11999999731779099,3.71,-1.0887470245361328
-0.10000000149011612,3.93,-0.9439132213592529
-0.10999999940395355,4.16,-0.9098491668701172
-0.10999999940395355,4.38,-0.7279046177864075
-0.10999999940395355,4.58,-0.6534590125083923
-0.06000000238418579,4.75,-0.7276981472969055
0.4000000059604645,4.92,-0.552180826663971
0.010000007227063179,5.09,-0.4938749372959137
-0.09000000357627869,5.24,0.9179677367210388
-0.030000001192092896,5.37,1.0252214670181274
0.019999993965029716,5.49,1.1798555850982666
0.10999999940395355,5.61,1.273459553718567
0.07999999821186066,5.74,1.4701564311981201
-0.06000000238418579,5.86,1.6881132125854492
-0.17000000178813934,5.99,1.818912386894226
-0.11999999731779099,6.11,1.9730947017669678
-0.10999999940395355,6.25,2.1411211490631104
0.030000001192092896,6.41,2.452326774597168
0.21000000834465027,6.57,2.6067681312561035
0.7099999189376831,6.72,2.9288175106048584
1.4500000476837158,6.91,3.162848472595215
2.119999885559082,7.13,3.2504026889801025
2.3299999237060547,7.35,3.373375654220581
2.759999990463257,7.57,3.625873327255249
3.5299999713897705,5.85,4.043868064880371
5.659999370574951,6.04,4.0765604972839355
4.380000114440918,6.22,4.043429374694824
6.250000476837158,6.4,4.039050579071045
4.800000190734863,6.57,4.123634338378906
6.589999675750732,6.72,4.203922271728516
6.509999752044678,6.88,4.240499973297119
7.189999580383301,7.03,4.292023181915283
5.880000114440918,7.16,4.310399055480957
6.920000076293945,7.27,4.465583801269531
9.489999771118164,7.38,4.5418381690979
7.509999752044678,7.49,4.715304851531982
5.71999979019165,7.55,4.810595512390137
5.539999485015869,7.55,4.863637924194336
6.109999656677246,7.54,4.899479389190674
10.220000267028809,7.54,5.0393452644348145
9.859999656677246,7.6,10.543837547302246
7.450000286102295,7.71,10.549381256103516
6.340000152587891,7.83,10.439413070678711
6.139999866485596,7.94,10.486364364624023
4.579999923706055,8.05,10.634084701538086
4.630000114440918,8.16,10.64290714263916
6.749999523162842,8.27,10.665140151977539
7.990000247955322,8.38,10.722649574279785
7.21999979019165,8.6,10.820853233337402
7.890000343322754,8.93,10.874602317810059
12.930000305175781,9.26,10.92441463470459
11.459999084472656,9.58,10.962858200073242
16.260000228881836,10.0,11.044095039367676
20.950000762939453,10.51,11.131001472473145
20.25,11.02,11.02302074432373
21.209999084472656,11.53,11.050989151000977
19.700000762939453,12.05,21.164661407470703
20.440000534057617,12.59,21.297496795654297
22.020000457763672,13.12,21.32480239868164
21.6299991607666,13.66,21.694074630737305
20.700000762939453,14.23,22.20601463317871
27.65999984741211,14.84,22.42011070251465
23.540002822875977,15.44,22.637624740600586
19.479999542236328,16.05,22.922199249267578
22.829999923706055,16.68,23.36801528930664
23.32000160217285,17.33,23.47410774230957
22.530000686645508,17.98,23.623706817626953
18.829999923706055,18.64,23.564088821411133
23.62000274658203,19.11,23.791091918945312
21.040000915527344,19.39,24.10833740234375
24.260000228881836,19.68,23.948835372924805
23.59000015258789,19.96,23.895910263061523
21.15999984741211,20.09,23.587839126586914
17.540000915527344,20.06,23.625244140625
14.09999942779541,20.04,23.613834381103516
10.899999618530273,20.01,23.76979637145996
14.050000190734863,19.89,24.04370880126953
12.770001411437988,19.67,24.12073516845703
11.100000381469727,19.45,24.304895401000977
11.700000762939453,19.23,24.470849990844727
10.989999771118164,19.04,24.713138580322266
11.989999771118164,18.88,24.708045959472656
13.319999694824219,18.71,24.842866897583008
13.050000190734863,18.55,24.66581916809082
12.569999694824219,18.42,24.80820083618164
12.10999870300293,18.34,25.016620635986328
10.760000228881836,18.25,24.725772857666016
13.139999389648438,18.17,24.57754135131836
13.720000267028809,18.18,14.466436386108398
12.989999771118164,18.29,14.66434097290039
14.449999809265137,18.4,14.821144104003906
15.0,18.51,15.224945068359375
13.609999656677246,18.6,15.73108959197998
12.720000267028809,18.67,16.065210342407227
14.510000228881836,18.74,16.329633712768555
20.280000686645508,18.81,16.694787979125977
14.379999160766602,18.96,17.16227912902832
17.350000381469727,19.19,17.40899658203125
11.90000057220459,19.42,17.60611915588379
12.229998588562012,19.65,17.74413299560547
13.4399995803833,19.78,18.081689834594727
15.84000015258789,19.81,18.37299156188965
18.6299991607666,19.83,18.27956771850586
21.190000534057617,19.86,18.374422073364258
21.239999771118164,19.9,21.38536834716797
21.600000381469727,19.94,21.420949935913086
24.979999542236328,19.99,21.40774917602539
23.290000915527344,20.04,21.662132263183594
24.56999969482422,19.99,22.03136444091797
22.329999923706055,19.86,22.164955139160156
25.65999984741211,19.73,22.335641860961914
25.440000534057617,19.6,22.5379695892334
26.809999465942383,19.42,22.886741638183594
20.670000076293945,19.18,22.945667266845703
19.1200008392334,18.95,23.07157325744629
20.360000610351562,18.71,22.949106216430664
24.149999618530273,18.43,23.14175796508789
20.079999923706055,18.08,23.37982177734375
19.3700008392334,17.74,23.150894165039062
20.1299991607666,17.4,23.05254554748535
17.360000610351562,18.59,19.751066207885742
17.420000076293945,17.86,19.406476974487305
20.200000762939453,17.13,18.975555419921875
16.399999618530273,16.4,18.4879150390625
13.90000057220459,15.68,18.091524124145508
14.75,14.99,17.632661819458008
14.949999809265137,14.3,17.40749168395996
15.74000072479248,13.61,17.035465240478516
15.510000228881836,12.99,16.669658660888672
12.829999923706055,12.45,16.305641174316406
12.700000762939453,11.91,16.173114776611328
15.379999160766602,11.37,15.739442825317383
16.489999771118164,10.87,15.447731971740723
13.09999942779541,10.4,15.292086601257324
12.620000839233398,9.94,14.849740982055664
9.369999885559082,9.48,14.51123332977295
10.65999984741211,9.1,9.717092514038086
11.329999923706055,8.81,9.568856239318848
11.0600004196167,8.52,9.279507637023926
10.84000015258789,8.23,9.016396522521973
9.930000305175781,7.92,8.841760635375977
8.420000076293945,7.58,8.606921195983887
6.729999542236328,7.25,8.433667182922363
6.250000476837158,6.91,8.243016242980957
10.529999732971191,6.63,8.042284965515137
11.30000114440918,6.4,7.897233486175537
10.529999732971191,6.17,7.796563148498535
9.760000228881836,5.94,7.653388023376465
9.670000076293945,5.69,7.5417609214782715
8.0600004196167,5.41,7.436120510101318
6.229999542236328,5.14,7.220938682556152
4.610000133514404,4.86,7.1519269943237305
3.930000066757202,4.64,5.011969089508057
3.5999999046325684,4.48,4.876807689666748
3.9600000381469727,4.31,4.6278977394104
3.119999885559082,4.14,4.369407653808594
1.25,3.95,4.213411331176758
0.7899999618530273,3.72,4.015050411224365
0.019999993965029716,3.49,3.821061611175537
-0.10999999940395355,3.26,3.640768051147461
-0.10999999940395355,3.06,3.4704861640930176
0.1899999976158142,2.87,3.381744861602783
0.12999999523162842,2.69,3.272402763366699
0.33000001311302185,2.51,3.266019105911255
0.44999998807907104,2.32,3.1511306762695312
0.49000000953674316,2.14,3.02138352394104
0.1899999976158142,1.95,2.8884148597717285
-0.10999999940395355,1.77,2.8856754302978516
0.20000003278255463,1.58,0.8464142084121704
-0.06000000238418579,1.38,0.8212271332740784
-0.10000000149011612,1.19,0.722419798374176
-0.11999999731779099,0.99,0.5989685654640198
-0.10000000149011612,0.85,0.5658319592475891
-0.11999999731779099,0.75,0.5477093458175659
-0.11999999731779099,0.65,0.4866791069507599
-0.10999999940395355,0.55,0.41502809524536133
-0.10000000149011612,0.47,0.3439038395881653
-0.10000000149011612,0.4,0.43370336294174194
-0.11999999731779099,0.32,0.4272904396057129
-0.10999999940395355,0.25,0.6087430119514465
-0.10999999940395355,0.2,0.599703848361969
-0.10999999940395355,0.18,0.501316249370575
-0.10999999940395355,0.16,0.5188957452774048
-0.10000000149011612,0.14,0.6263429522514343
-0.10999999940395355,0.13,0.49311453104019165
-0.11999999731779099,0.12,0.5164814591407776
-0.09000000357627869,0.11,0.4375922977924347
-0.10999999940395355,0.09,0.3829041123390198
-0.10999999940395355,0.09,0.4254158139228821
-0.10000000149011612,0.1,0.47759974002838135
-0.10000000149011612,0.11,0.4698450565338135
-0.10999999940395355,0.11,0.4412713348865509
-0.11999999731779099,0.11,0.37762781977653503
-0.10000000149011612,0.1,0.5114040970802307
-0.11999999731779099,0.09,0.5207908153533936
-0.10999999940395355,0.08,0.740725040435791
-0.12999999523162842,0.09,0.7771406769752502
-0.09000000357627869,0.1,0.705711841583252
0.019999993965029716,0.12,0.74256831407547
0.809999942779541,0.13,0.8520421385765076
0.6500000357627869,0.14,1.2174004316329956
1.1699999570846558,0.15,1.1264055967330933
0.7400000095367432,0.15,0.9888275861740112
0.8700000047683716,0.16,0.872913658618927
-0.10000000149011612,0.16,0.872643768787384
0.06999999284744263,0.16,0.8084946274757385
0.22999998927116394,0.16,0.740504264831543
0.09000000357627869,0.17,0.588098406791687
0.06999999284744263,0.17,0.4520808458328247
0.06999999284744263,0.17,0.5475853085517883
0.12000000476837158,0.16,0.5176132917404175
0.49000000953674316,0.16,0.6489385366439819
0.75,0.16,0.6902140974998474
0.6999999284744263,0.15,0.5913869738578796
0.8999999761581421,0.14,0.6171048283576965
0.5799999237060547,0.13,0.6645793914794922
0.8999999761581421,0.27,1.2557042837142944
1.2599999904632568,0.32,1.2150133848190308
1.649999976158142,0.36,1.0978039503097534
1.1399999856948853,0.41,0.9936760067939758
0.5300000309944153,0.47,0.9747451543807983
0.0,0.54,0.9936732649803162
0.010000007227063179,0.62,0.953845739364624
0.25,0.7,0.8582104444503784
0.1899999976158142,0.75,0.7517315149307251
0.6200000643730164,0.77,0.8656720519065857
0.5300000309944153,0.8,0.8587998747825623
0.559999942779541,0.82,1.0150619745254517
0.809999942779541,0.83,1.0219860076904297
1.6299999952316284,0.85,0.9400924444198608
2.109999895095825,0.86,0.9651615619659424
0.8899999856948853,0.87,1.0383280515670776
0.28999999165534973,0.89,1.5893610715866089
-0.019999993965029716,0.93,1.5506312847137451
-0.07000000029802322,0.98,1.4587159156799316
-0.10999999940395355,1.02,1.40329110622406
0.019999993965029716,1.05,1.449428677558899
-0.010000007227063179,1.06,1.4809386730194092
-0.10000000149011612,1.07,1.451592206954956
-0.07999999821186066,1.09,1.3803119659423828
-0.11999999731779099,1.08,1.323738932609558
-0.10999999940395355,1.06,1.4532147645950317
-0.10999999940395355,1.03,1.4554866552352905
-0.10999999940395355,1.01,1.623966097831726
-0.10000000149011612,1.0,1.6832294464111328
-0.10999999940395355,1.01,1.630289077758789
-0.10999999940395355,1.03,1.6505357027053833
-0.10999999940395355,1.04,1.7282378673553467
-0.10999999940395355,1.07,0.7147046327590942
-0.10999999940395355,1.12,0.7202937602996826
-0.10999999940395355,1.17,0.6965493559837341
-0.09000000357627869,1.22,0.6921991109848022
-0.07999999821186066,1.25,0.7767249941825867
0.15000000596046448,1.28,0.8756018877029419
0.4000000059604645,1.31,0.8884598016738892
0.3400000035762787,1.34,0.8912229537963867
0.7699999809265137,1.39,0.912953794002533
1.399999976158142,1.44,1.1044731140136719
1.7300000190734863,1.5,1.1471374034881592
2.5899999141693115,1.55,1.3869667053222656
2.859999895095825,1.63,1.481966257095337
3.359999895095825,1.73,1.462644338607788
3.059999942779541,1.83,1.5125216245651245
3.190000057220459,1.93,1.6420642137527466
4.489999771118164,2.05,3.9496917724609375
4.170000076293945,2.19,4.048237323760986
4.360000133514404,2.32,4.120637893676758
4.449999809265137,2.46,4.31140661239624
4.409999847412109,2.64,4.5577392578125
3.559999942779541,2.85,4.821177959442139
4.760000228881836,3.06,4.956867694854736
6.480000019073486,3.28,5.119593143463135
7.549999713897705,3.53,5.353909969329834
6.87000036239624,3.81,5.619637489318848
9.890000343322754,4.09,5.740784168243408
7.669999599456787,4.37,6.019372463226318
7.519999980926514,4.84,6.223803997039795
7.340000152587891,5.5,6.334808349609375
6.890000343322754,6.16,6.371522426605225
8.289999961853027,6.81,6.526327133178711
8.40999984741211,7.65,8.94543743133545
9.430000305175781,8.66,9.241418838500977
9.420000076293945,9.66,9.545138359069824
13.25999927520752,10.67,10.090460777282715
11.0600004196167,11.59,10.768512725830078
13.459999084472656,12.42,11.296748161315918
14.050000190734863,13.24,11.638199806213379
14.869999885559082,14.07,12.155740737915039
14.289999961853027,14.63,12.841346740722656
14.520000457763672,14.93,13.303472518920898
15.810001373291016,15.22,13.579166412353516
15.780000686645508,15.52,13.968684196472168
14.050000190734863,15.56,14.414238929748535
12.789999961853027,15.34,14.757615089416504
8.359999656677246,15.11,14.805732727050781
6.950000286102295,14.89,15.057774543762207
6.390000343322754,14.57,7.947025775909424
8.020000457763672,14.16,8.068680763244629
10.720000267028809,13.75,8.10225772857666
9.859999656677246,13.33,8.239495277404785
9.5600004196167,12.88,8.516578674316406
9.550000190734863,12.4,8.712040901184082
9.960000038146973,11.92,8.794878959655762
8.210000038146973,11.43,8.981263160705566
9.180000305175781,10.92,9.271865844726562
10.5,10.37,9.43563461303711
11.319999694824219,9.82,9.519963264465332
9.0600004196167,9.28,9.720125198364258
6.0,8.87,9.873170852661133
1.059999942779541,8.61,9.980749130249023
0.7099999189376831,8.35,9.891087532043457
1.1200000047683716,8.1,10.019867897033691
1.3899999856948853,7.61,2.047727584838867
1.350000023841858,7.57,2.027653455734253
1.4600000381469727,7.53,1.9427697658538818
0.8600000143051147,7.49,1.8552544116973877
1.1200000047683716,7.52,1.8781054019927979
1.2000000476837158,7.61,1.8832060098648071
1.7999999523162842,7.71,1.8065178394317627
2.1500000953674316,7.8,1.792244553565979
2.5899999141693115,7.83,1.8089219331741333
2.0199999809265137,7.77,1.9006158113479614
1.4500000476837158,7.72,1.885419249534607
1.7100000381469727,7.67,2.0732548236846924
2.549999952316284,7.65,2.071882963180542
3.619999885559082,7.66,2.000638246536255
3.2799999713897705,7.67,1.9493441581726074
2.9600000381469727,7.69,2.0624642372131348
2.799999952316284,7.64,3.5848894119262695
2.450000047683716,7.53,3.4746034145355225
2.509999990463257,7.43,3.306875467300415
2.259999990463257,7.33,3.1515190601348877
2.2699999809265137,7.18,3.112694501876831
3.240000009536743,6.99,3.050598621368408
2.7699999809265137,6.8,2.927382469177246
2.7300000190734863,6.61,2.8041293621063232
3.0799999237060547,6.45,2.7244551181793213
2.7799999713897705,6.32,2.762310028076172
2.1600000858306885,6.19,2.709075450897217
2.2300000190734863,6.05,2.7896769046783447
2.2699999809265137,5.9,2.730027914047241
2.740000009536743,5.73,2.617241859436035
2.890000104904175,5.56,2.553942918777466
3.3499999046325684,5.39,2.5886454582214355
2.5899999141693115,5.23,3.525071620941162
2.609999895095825,5.07,3.4126381874084473
2.3399999141693115,4.92,3.2546439170837402
4.53000020980835,4.76,3.118791341781616
3.25,4.67,3.1059980392456055
3.0,4.63,3.0530407428741455
3.190000057220459,4.59,2.941145896911621
3.8399999141693115,4.55,2.821124315261841
2.809999942779541,4.53,2.7460429668426514
2.380000114440918,4.52,2.7961437702178955
2.75,4.51,2.7463910579681396
2.509999990463257,4.5,2.8369505405426025
2.380000114440918,4.59,2.8151161670684814
1.850000023841858,4.79,2.712343454360962
0.8600000143051147,4.98,2.6566624641418457
0.23999996483325958,5.17,2.689877986907959
0.8999999761581421,5.38,1.3501722812652588
2.359999895095825,5.6,1.4257558584213257
2.9700000286102295,5.82,1.483393907546997
4.059999942779541,6.04,1.6079504489898682
5.260000228881836,6.17,1.8132339715957642
5.59999942779541,6.2,2.01261830329895
3.559999942779541,6.23,2.0924689769744873
6.179999828338623,6.27,2.2186760902404785
6.940000057220459,6.33,2.3969109058380127
7.529999732971191,6.43,2.6528561115264893
6.960000038146973,6.53,2.7373063564300537
7.5,6.63,3.0473666191101074
3.5899999141693115,6.86,3.2476701736450195
0.22999998927116394,7.22,3.3094732761383057
-0.11999999731779099,7.58,3.3624584674835205
1.350000023841858,7.95,3.5417678356170654
1.6200000047683716,8.63,1.6789765357971191
1.1200000047683716,9.65,1.8266342878341675
0.9299999475479126,10.67,1.9684984683990479
-0.14000000059604645,11.68,2.177490472793579
0.10999999940395355,12.32,2.491218090057373
0.7799999713897705,12.59,2.7841715812683105
0.7799999713897705,12.85,2.911916732788086
1.4900000095367432,13.12,3.1771223545074463
1.4800000190734863,12.88,3.5264780521392822
1.2599999904632568,12.15,3.8642587661743164
1.0800000429153442,11.41,3.9678633213043213
1.3899999856948853,10.68,4.354806900024414
2.450000047683716,9.92,4.5772929191589355
3.809999942779541,9.13,4.695237636566162
11.130000114440918,8.34,4.743398189544678
10.890000343322754,7.55,4.982824325561523
2.259999990463257,7.04,10.079702377319336
8.970000267028809,6.79,9.908252716064453
12.820000648498535,6.55,9.80232048034668
19.100000381469727,6.3,9.872316360473633
16.010000228881836,6.6,9.981943130493164
17.06999969482422,7.43,9.93183422088623
23.610000610351562,8.26,9.859102249145508
16.5,9.09,9.84659194946289
15.3100004196167,10.49,10.034808158874512
16.799999237060547,12.44,10.084908485412598
17.920000076293945,14.39,10.121939659118652
19.6200008392334,16.34,10.110588073730469
14.479999542236328,17.42,10.121249198913574
19.190000534057617,17.62,10.187886238098145
21.809999465942383,17.82,10.031272888183594
14.820000648498535,18.02,9.993992805480957
15.379999160766602,10.94,15.325996398925781
16.8799991607666,10.59,14.99026870727539
12.189998626708984,10.24,14.53366756439209
13.189998626708984,9.9,14.092514038085938
17.719999313354492,9.53,13.788847923278809
22.09000015258789,9.14,13.392436027526855
21.709999084472656,8.75,13.094078063964844
19.229999542236328,8.36,12.714864730834961
17.469999313354492,8.0,12.408766746520996
18.8799991607666,7.66,12.041031837463379
21.260000228881836,7.32,11.872933387756348
16.450000762939453,6.99,11.480498313903809
19.239999771118164,6.71,11.157995223999023
17.190000534057617,6.5,11.004512786865234
15.229998588562012,6.29,10.65137767791748
15.760000228881836,6.07,10.423257827758789
13.399999618530273,5.9,15.343109130859375
11.279999732971191,5.76,14.806988716125488
12.520000457763672,5.62,14.170475006103516
10.59000015258789,5.49,13.454319953918457
10.34000015258789,5.38,12.873368263244629
13.079999923706055,5.31,12.283903121948242
15.649999618530273,5.24,11.806859970092773
16.93000030517578,5.16,11.197175979614258
22.59000015258789,5.13,10.648774147033691
20.260000228881836,5.13,10.122989654541016
21.389999389648438,5.13,9.854267120361328
17.479999542236328,5.13,9.306132316589355
22.969999313354492,5.16,8.816449165344238
18.6200008392334,5.2,8.484458923339844
18.030000686645508,5.25,8.027339935302734
18.989999771118164,5.3,7.706765174865723
18.09000015258789,5.39,18.347700119018555
19.81999969482422,5.54,17.9111328125
16.969999313354492,5.69,17.383373260498047
14.199999809265137,5.84,16.849533081054688
9.989999771118164,6.01,16.46460723876953
8.84000015258789,6.21,16.018707275390625
7.589999675750732,6.42,15.676583290100098
9.25,6.62,15.228955268859863
8.720000267028809,6.87,14.889237403869629
6.199999809265137,7.18,14.462185859680176
5.010000228881836,7.48,14.27188491821289
4.539999961853027,7.78,13.783047676086426
2.630000114440918,8.14,13.428521156311035
2.190000057220459,8.56,13.226750373840332
3.25,8.97,12.784978866577148
6.619999885559082,9.39,12.472023963928223
8.399999618530273,9.76,7.703033924102783
9.529999732971191,10.09,7.541342258453369
9.5,10.42,7.291154861450195
7.860000133514404,10.75,7.071320056915283
6.2900004386901855,10.96,6.9349141120910645
6.78000020980835,11.04,6.814462184906006
5.25,11.13,6.681888103485107
5.679999351501465,11.22,6.51548957824707
8.029999732971191,11.2,6.403459072113037
8.210000038146973,11.06,6.345426559448242
8.279999732971191,10.93,6.280739784240723
9.289999961853027,10.79,6.249523162841797
8.75,10.62,6.132915496826172
10.279999732971191,10.4,6.0379228591918945
9.319999694824219,10.18,5.893434047698975
8.619999885559082,9.96,5.8596415519714355
8.800000190734863,9.77,8.932512283325195
7.7099995613098145,9.59,8.710050582885742
8.199999809265137,9.42,8.405284881591797
8.319999694824219,9.24,8.118037223815918
9.010000228881836,9.14,7.949365615844727
8.359999656677246,9.11,7.740735054016113
8.130000114440918,9.07,7.527729511260986
7.380000114440918,9.04,7.280176639556885
7.810000419616699,9.04,7.133517265319824
5.5199995040893555,9.06,6.988663196563721
4.360000133514404,9.09,6.888385772705078
4.53000020980835,9.11,6.762650966644287
4.199999809265137,9.21,6.601794242858887
4.880000114440918,9.38,6.469576358795166
5.059999942779541,9.55,6.263458728790283
5.099999904632568,9.72,6.180503845214844
3.9700000286102295,9.95,6.359320640563965
3.9200000762939453,10.24,6.4692864418029785
3.4600000381469727,10.53,6.5785980224609375
2.9100000858306885,10.82,6.809004783630371
3.8399999141693115,11.26,7.138316631317139
5.199999809265137,11.86,7.403692722320557
7.2900004386901855,12.46,7.54086446762085
8.050000190734863,13.06,7.767828464508057
8.229999542236328,13.72,8.092556953430176
7.539999961853027,14.44,8.335433959960938
7.800000190734863,15.15,8.478391647338867
9.460000038146973,15.87,8.733290672302246
10.90999984741211,16.62,8.974658966064453
13.019999504089355,17.39,9.137524604797363
19.6299991607666,18.16,9.115584373474121
21.610000610351562,18.94,9.284533500671387
26.19000244140625,18.13,24.655799865722656
26.709999084472656,18.85,25.055130004882812
34.529998779296875,19.57,25.35319709777832
35.560001373291016,20.29,26.203510284423828
36.84000015258789,21.06,27.2591552734375
23.860000610351562,21.89,27.82267189025879
23.3700008392334,22.71,28.3353271484375
30.8700008392334,23.54,28.99791145324707
32.36000061035156,24.29,29.86577796936035
32.880001068115234,24.97,30.188236236572266
33.400001525878906,25.64,30.53078269958496
35.06999969482422,26.32,30.61606216430664
30.530000686645508,27.03,31.089258193969727
32.310001373291016,27.78,31.629926681518555
35.529998779296875,28.53,31.52161979675293
36.11000061035156,29.28,31.536745071411133
37.18000030517578,29.94,34.72748947143555
36.349998474121094,30.5,34.64472961425781
35.15999984741211,31.07,34.47929763793945
35.310001373291016,31.63,34.49027633666992
34.68000030517578,32.1,34.65695571899414
36.0099983215332,32.48,34.43742752075195
37.20000076293945,32.87,34.645206451416016
34.15999984741211,33.25,34.74275588989258
33.93000030517578,33.62,34.83748245239258
34.79999923706055,33.99,34.61714553833008
35.209999084472656,34.35,34.71105194091797
34.630001068115234,34.71,34.253662109375
35.209999084472656,35.01,34.245662689208984
33.2599983215332,35.24,34.41545867919922
34.470001220703125,35.48,33.95366287231445
35.33000183105469,35.71,33.570228576660156
33.36000061035156,35.9,34.587039947509766
38.04999923706055,36.05,34.55227279663086
35.790000915527344,36.19,34.4243049621582
39.720001220703125,36.34,34.43446731567383
39.47999954223633,36.45,34.571815490722656
40.27000045776367,36.52,34.3354377746582
40.11000061035156,36.58,34.61821365356445
40.470001220703125,36.65,34.73533248901367
40.79999923706055,36.67,34.773563385009766
38.5099983215332,36.63,34.56708526611328
39.81999969482422,36.6,34.681636810302734
36.470001220703125,36.57,34.226375579833984
38.689998626708984,36.54,34.22286605834961
37.689998626708984,36.52,34.373146057128906
34.099998474121094,36.51,33.9505729675293
36.529998779296875,36.49,33.61744689941406
37.5099983215332,36.46,36.15074157714844
36.599998474121094,36.42,36.28124237060547
36.7400016784668,36.39,36.27073669433594
37.060001373291016,36.35,36.09016036987305
37.13999938964844,36.31,36.14000701904297
38.290000915527344,36.27,35.824913024902344
37.11000061035156,36.23,36.13267517089844
37.88999938964844,36.19,36.18067169189453
37.06999969482422,36.15,36.063873291015625
38.040000915527344,36.12,35.65363311767578
36.02000045776367,36.1,35.955604553222656
37.68000030517578,36.07,35.15706253051758
37.709999084472656,36.08,35.09722900390625
37.38999938964844,36.13,35.22797775268555
37.77000045776367,36.17,35.04966354370117
37.83000183105469,36.22,34.749637603759766
37.75,36.28,36.771949768066406
33.29999923706055,36.36,36.76617431640625
37.619998931884766,36.44,36.61607360839844
38.15999984741211,36.51,36.486976623535156
35.09000015258789,36.58,36.578426361083984
36.63999938964844,36.63,36.30497360229492
37.68000030517578,36.68,36.54718017578125
38.630001068115234,36.73,36.53728485107422
39.220001220703125,36.78,36.50123596191406
39.70000076293945,36.84,36.1410026550293
39.45000076293945,36.9,36.31027603149414
39.619998931884766,36.95,35.62434768676758
39.33000183105469,36.97,35.49778366088867
38.79999923706055,36.96,35.639713287353516
40.93000030517578,36.94,35.37599563598633
40.90999984741211,36.93,34.98593521118164
40.56999969482422,36.91,40.20565414428711
41.04999923706055,36.89,39.93547439575195
40.540000915527344,36.86,39.54746627807617
40.959999084472656,36.84,38.97108459472656
38.93000030517578,36.79,38.598670959472656
39.209999084472656,36.72,37.97345733642578
38.099998474121094,36.65,37.9791145324707
39.189998626708984,36.58,37.64264678955078
39.54999923706055,36.5,37.235782623291016
38.27000045776367,36.42,36.5882568359375
39.119998931884766,36.34,36.636268615722656
39.459999084472656,36.25,35.58327102661133
39.22999954223633,36.18,35.20652389526367
38.439998626708984,36.1,35.13740921020508
37.79999923706055,36.03,34.73196029663086
39.36000061035156,35.96,34.15892028808594
